0.883943 -0.519974
0.855874 -0.219338
0.85305 -0.20275
0.85022 -0.187445
0.847386 -0.17326
0.844548 -0.160057
0.838854 -0.136143
0.835999 -0.125245
0.833137 -0.11495
0.830269 -0.105192
0.827394 -0.0959169
0.824513 -0.0870737
0.821623 -0.0786201
0.818726 -0.0705187
0.815821 -0.0627357
0.812908 -0.0552418
0.809986 -0.0480105
0.807054 -0.0410188
0.804113 -0.0342456
0.801162 -0.0276721
0.875549 -0.392697
0.792246 -0.00898919
0.789251 -0.0030613
0.783225 0.00841519
0.780193 0.0139837
0.777147 0.019451
0.774087 0.0248249
0.771013 0.0301131
0.872747 -0.359346
0.767923 0.0353224
0.764818 0.0404591
0.758559 0.0505383
0.755403 0.0554914
0.749037 0.0652489
0.745825 0.0700623
0.742593 0.0748376
0.73934 0.0795788
0.736065 0.0842894
0.729446 0.0936332
0.7261 0.0982732
0.722728 0.102896
0.71933 0.107505
0.715905 0.112103
0.71245 0.116693
0.708966 0.121278
0.70545 0.12586
0.867136 -0.30291
0.701902 0.130444
0.698319 0.135031
0.687352 0.148841
0.679838 0.158118
0.676016 0.162788
0.668226 0.172203
0.864326 -0.278894
0.660226 0.181744
0.65614 0.186571
0.651993 0.191442
0.64778 0.196359
0.643498 0.201329
0.639142 0.206356
0.634706 0.211446
0.630187 0.216604
0.625578 0.221838
0.861512 -0.257163
0.620871 0.227154
0.883856 -0.474334
0.878232 -0.383516
0.875417 -0.346758
0.8726 -0.314587
0.86978 -0.286256
0.866958 -0.261142
0.864132 -0.238727
0.861303 -0.218585
0.858695 -0.2374
0.858471 -0.200369
0.852794 -0.168615
0.847098 -0.141719
0.844243 -0.1297
0.841383 -0.118473
0.835645 -0.0980229
0.832767 -0.0886469
0.829882 -0.0797528
0.82699 -0.0712883
0.824091 -0.0632082
0.821185 -0.0554731
0.81827 -0.0480485
0.815347 -0.0409039
0.812416 -0.0340126
0.809475 -0.0273511
0.806525 -0.020898
0.803565 -0.0146349
0.800595 -0.00854468
0.794623 0.00317524
0.791619 0.00883086
0.788604 0.0143655
0.785577 0.0197894
0.782536 0.0251117
0.779483 0.0303407
0.776415 0.0354843
0.773333 0.0405495
0.770236 0.0455431
0.767123 0.050471
0.763994 0.0553389
0.760849 0.0601521
0.757686 0.0649156
0.754506 0.0696338
0.748087 0.0789517
0.744848 0.0835595
0.741588 0.0881381
0.738306 0.0926909
0.735002 0.0972215
0.728321 0.106228
0.724943 0.110711
0.721539 0.115183
0.718107 0.119649
0.711156 0.128569
0.707634 0.133029
0.696867 0.146446
0.693206 0.150938
0.689506 0.155446
0.685764 0.159971
0.678152 0.169088
0.674276 0.173685
0.67035 0.178313
0.666372 0.182974
0.658247 0.192412
0.654093 0.197198
0.649874 0.202032
0.645586 0.206921
0.641223 0.211869
0.636782 0.216882
0.632255 0.221966
0.627639 0.227127
0.622925 0.232372
0.618106 0.23771
0.88377 -0.419757
0.880944 -0.371424
0.878116 -0.330529
0.872453 -0.26563
0.86678 -0.216631
0.863939 -0.196347
0.861094 -0.178224
0.858246 -0.161903
0.852537 -0.133558
0.849676 -0.121112
0.84681 -0.1096
0.843939 -0.0988919
0.841062 -0.0888823
0.83818 -0.0794816
0.835291 -0.0706153
0.832396 -0.0622195
0.826585 -0.0466296
0.823669 -0.0393488
0.820745 -0.0323626
0.814872 -0.0191561
0.811922 -0.0128859
0.808963 -0.00680924
0.805994 -0.000908204
0.803016 0.00483394
0.800026 0.0104314
0.797026 0.0158974
0.790991 0.0264803
0.787956 0.0316175
0.784907 0.0366638
0.781845 0.041627
0.77877 0.0465144
0.772576 0.0560882
0.76632 0.0654326
0.763167 0.0700317
0.759997 0.0745882
0.75681 0.0791066
0.753603 0.0835907
0.750378 0.0880443
0.747132 0.0924711
0.740577 0.101258
0.737266 0.105624
0.733932 0.109976
0.730573 0.114317
0.727189 0.118649
0.723779 0.122976
0.720341 0.1273
0.716874 0.131624
0.713378 0.13595
0.70985 0.140281
0.70629 0.14462
0.702696 0.148968
0.6954 0.157707
0.687947 0.166517
0.676443 0.179918
0.672512 0.184447
0.668528 0.189012
0.660393 0.198264
0.656234 0.20296
0.652009 0.207708
0.647715 0.212512
0.643347 0.217377
0.6389 0.222309
0.629746 0.232398
0.625026 0.237569
0.6202 0.242834
0.615261 0.248203
0.883684 -0.35503
0.880843 -0.309087
0.877999 -0.271284
0.875154 -0.239712
0.872306 -0.212952
0.869456 -0.189954
0.863746 -0.152298
0.852282 -0.0979972
0.846523 -0.077259
0.843636 -0.0679634
0.840743 -0.0592522
0.834939 -0.0432878
0.832027 -0.0359152
0.829108 -0.0288852
0.826182 -0.0221578
0.823249 -0.0156993
0.817357 -0.00347611
0.814398 0.0023361
0.81143 0.00797558
0.808453 0.0134596
0.805465 0.0188033
0.802468 0.0240199
0.796439 0.0341196
0.793408 0.0390228
0.790364 0.0438404
0.784239 0.0532493
0.781156 0.0578546
0.778059 0.0624019
0.774947 0.0668969
0.77182 0.0713444
0.765517 0.0801163
0.762341 0.0844491
0.759146 0.0887517
0.755933 0.0930277
0.752701 0.0972806
0.749449 0.101513
0.746176 0.105729
0.742882 0.109931
0.739565 0.114122
0.736225 0.118305
0.73286 0.122481
0.726055 0.130828
0.722611 0.135002
0.719139 0.139181
0.715638 0.143367
0.708539 0.151767
0.701306 0.160223
0.693924 0.168755
0.690172 0.173055
0.686379 0.177383
0.68254 0.181739
0.674719 0.190554
0.670731 0.195018
0.666688 0.199524
0.662587 0.204076
0.658424 0.208679
0.654195 0.213335
0.649897 0.21805
0.641073 0.227676
0.63191 0.237602
0.627186 0.242694
0.617412 0.253177
0.612344 0.258587
0.883617 -0.296905
0.880764 -0.25484
0.877909 -0.220955
0.875052 -0.193067
0.872193 -0.169661
0.869331 -0.149673
0.866465 -0.132339
0.863597 -0.117099
0.857849 -0.0913364
0.854969 -0.0802569
0.852084 -0.0701088
0.849195 -0.0607415
0.8463 -0.0520358
0.8434 -0.043894
0.840495 -0.0362372
0.837583 -0.0289997
0.834665 -0.0221269
0.828808 -0.00929899
0.822922 0.00253493
0.819967 0.00814785
0.817003 0.0135872
0.81403 0.0188715
0.808056 0.029037
0.805054 0.033945
0.802042 0.038752
0.799018 0.0434678
0.795983 0.0481012
0.789877 0.0571524
0.783719 0.0659614
0.777505 0.0745741
0.774376 0.0788191
0.771232 0.0830291
0.768071 0.0872081
0.764893 0.0913596
0.761697 0.0954874
0.755251 0.103684
0.751998 0.107759
0.748726 0.111823
0.742115 0.119924
0.735413 0.12801
0.732024 0.132052
0.72861 0.136098
0.725169 0.140149
0.721699 0.144207
0.718201 0.148275
0.714671 0.152355
0.707514 0.160561
0.703884 0.164691
0.700218 0.168842
0.696513 0.173016
0.692767 0.177217
0.685148 0.185708
0.68127 0.190003
0.673364 0.198708
0.66524 0.207589
0.661089 0.212103
0.656872 0.216673
0.64823 0.225995
0.643794 0.230758
0.639275 0.235596
0.634666 0.240515
0.629962 0.245523
0.625154 0.250627
0.620234 0.255836
0.615192 0.26116
0.610017 0.26661
0.883497 -0.175288
0.880623 -0.145667
0.877747 -0.122451
0.874869 -0.103619
0.871988 -0.0879106
0.869105 -0.074497
0.863328 -0.0524778
0.857537 -0.0347552
0.854635 -0.0270041
0.851728 -0.019819
0.848817 -0.0131042
0.8459 -0.00678516
0.842977 -0.000801419
0.840049 0.00489632
0.834173 0.0155862
0.831225 0.0206397
0.828269 0.0255317
0.825306 0.0302818
0.819355 0.0394225
0.816366 0.0438402
0.813368 0.0481718
0.81036 0.0524266
0.804314 0.0607392
0.801275 0.0648114
0.798224 0.0688358
0.795162 0.0728178
0.792087 0.0767622
0.788999 0.0806737
0.785898 0.0845562
0.782783 0.0884134
0.779653 0.0922489
0.776508 0.0960656
0.773348 0.0998667
0.770171 0.103655
0.760536 0.114967
0.754019 0.122489
0.750729 0.12625
0.747419 0.130013
0.74073 0.137557
0.737349 0.141341
0.730512 0.148942
0.727053 0.152763
0.723566 0.156599
0.720048 0.160454
0.7165 0.164328
0.71292 0.168224
0.709305 0.172144
0.705655 0.176089
0.701968 0.180063
0.698242 0.184066
0.694475 0.188102
0.690666 0.192172
0.686811 0.19628
0.682909 0.200427
0.678958 0.204618
0.670894 0.213139
0.666776 0.217477
0.662595 0.221871
0.658349 0.226325
0.654032 0.230844
0.649641 0.235432
0.631218 0.254594
0.621395 0.26476
0.6163 0.27002
0.611067 0.275415
0.883374 -0.0330715
0.87758 -0.0144944
0.87468 -0.00738539
0.871778 -0.00113494
0.865964 0.00966952
0.863052 0.0144909
0.860136 0.0190383
0.857216 0.0233693
0.854291 0.0275258
0.851362 0.0315402
0.848427 0.0354374
0.845487 0.0392376
0.842541 0.0429565
0.839589 0.0466069
0.836631 0.0501999
0.833666 0.0537437
0.830693 0.0572464
0.824725 0.0641511
0.818723 0.0709544
0.815709 0.0743278
0.812685 0.0776866
0.809651 0.0810338
0.806606 0.0843718
0.80355 0.0877026
0.800484 0.0910286
0.797405 0.0943517
0.794314 0.0976734
0.79121 0.100995
0.781815 0.110979
0.778654 0.114317
0.775477 0.117662
0.772283 0.121015
0.769073 0.124379
0.765845 0.127753
0.762599 0.13114
0.759333 0.134539
0.756048 0.137953
0.752741 0.141382
0.749414 0.144828
0.746063 0.148292
0.74269 0.151775
0.739291 0.155278
0.735868 0.158802
0.732418 0.16235
0.72894 0.165921
0.725434 0.169518
0.721898 0.173142
0.71833 0.176794
0.714729 0.180476
0.711094 0.18419
0.707423 0.187937
0.699967 0.19554
0.696177 0.199398
0.688466 0.207242
0.684539 0.211232
0.680562 0.215271
0.672443 0.223508
0.668296 0.227712
0.664085 0.231977
0.659806 0.236309
0.655456 0.240711
0.651029 0.245189
0.64652 0.249747
0.641924 0.254391
0.63244 0.263968
0.627537 0.268915
0.622515 0.273981
0.617362 0.279176
0.600984 0.295675
0.883246 0.115411
0.880328 0.103941
0.877408 0.0961148
0.874486 0.0907121
0.868633 0.0845122
0.865701 0.0829437
0.862766 0.0820796
0.859827 0.0817687
0.856884 0.0819007
0.853936 0.0823929
0.850983 0.0831823
0.848025 0.08422
0.845061 0.0854673
0.842091 0.0868943
0.839115 0.0884757
0.836132 0.0901921
0.833142 0.0920267
0.830144 0.0939657
0.827139 0.0959981
0.824125 0.0981143
0.821103 0.100306
0.818071 0.102567
0.81503 0.104891
0.811979 0.107273
0.808917 0.109709
0.805845 0.112195
0.802761 0.114728
0.799666 0.117306
0.793437 0.122586
0.787154 0.12802
0.783991 0.130792
0.780813 0.133598
0.777619 0.136438
0.774409 0.139312
0.771181 0.142219
0.764672 0.148129
0.761389 0.151132
0.754762 0.157235
0.744656 0.166633
0.741239 0.169831
0.737797 0.173064
0.734328 0.176331
0.730831 0.179633
0.727304 0.182972
0.723748 0.186347
0.720159 0.189761
0.712881 0.196707
0.709188 0.200242
0.705457 0.20382
0.701686 0.207444
0.697873 0.211114
0.694016 0.214832
0.690112 0.218602
0.686159 0.222424
0.678095 0.230239
0.673977 0.234236
0.665556 0.242429
0.661243 0.246632
0.647843 0.25972
0.643204 0.264261
0.638467 0.268902
0.633625 0.27365
0.623589 0.283506
0.618374 0.288634
0.613009 0.293914
0.60748 0.299361
0.601767 0.304993
0.883115 0.25187
0.880174 0.223057
0.877231 0.201555
0.874285 0.185168
0.871337 0.172476
0.868386 0.162533
0.865431 0.154684
0.862472 0.148465
0.859509 0.143539
0.856542 0.139655
0.85357 0.136623
0.84761 0.13256
0.838626 0.130074
0.835617 0.129952
0.832601 0.130109
0.829578 0.130512
0.826546 0.131133
0.823506 0.131947
0.820456 0.132936
0.811249 0.136785
0.808159 0.13832
0.805058 0.139964
0.798819 0.143545
0.795681 0.145468
0.792529 0.147473
0.786182 0.151707
0.782986 0.153927
0.779775 0.156213
0.776547 0.15856
0.773301 0.160966
0.760133 0.171145
0.756791 0.173819
0.753426 0.176544
0.750039 0.179318
0.746628 0.18214
0.743192 0.18501
0.73973 0.187928
0.736241 0.190893
0.732723 0.193907
0.729176 0.196968
0.725599 0.200077
0.721989 0.203235
0.714666 0.2097
0.71095 0.213009
0.699562 0.223253
0.691747 0.230364
0.687766 0.234008
0.683733 0.237716
0.679643 0.241489
0.675495 0.245331
0.667006 0.253232
0.662657 0.257298
0.658233 0.261449
0.653727 0.265687
0.649135 0.27002
0.64445 0.274453
0.639664 0.278992
0.634769 0.283647
0.629756 0.288427
0.624614 0.293341
0.61933 0.298403
0.608278 0.309026
0.602473 0.314625
0.59645 0.320447
0.59018 0.326519
0.882979 0.365265
0.880015 0.326492
0.877048 0.295948
0.874078 0.271593
0.871106 0.251956
0.86813 0.235968
0.865151 0.222847
0.859181 0.203021
0.85019 0.18412
0.847182 0.179814
0.844168 0.176258
0.841147 0.173346
0.83812 0.170991
0.835085 0.169122
0.832043 0.167678
0.828992 0.166609
0.825933 0.165872
0.822865 0.165432
0.819788 0.165258
0.8167 0.165323
0.813603 0.165604
0.810495 0.166082
0.807375 0.16674
0.804243 0.167562
0.801099 0.168535
0.794772 0.170891
0.791588 0.172253
0.788389 0.173729
0.781945 0.17699
0.778698 0.178764
0.775434 0.180627
0.765531 0.186708
0.76219 0.188888
0.758828 0.191139
0.755444 0.19346
0.752037 0.195847
0.748606 0.198301
0.745149 0.200818
0.738157 0.206042
0.734618 0.208746
0.73105 0.211511
0.72745 0.214336
0.723817 0.217221
0.720151 0.220167
0.716448 0.223174
0.712708 0.226242
0.708928 0.229372
0.705107 0.232564
0.701242 0.235821
0.697331 0.239143
0.693372 0.242531
0.689362 0.245988
0.685297 0.249516
0.681176 0.253118
0.672748 0.26055
0.664046 0.268313
0.659581 0.272328
0.655032 0.276439
0.650394 0.280652
0.64082 0.289407
0.635868 0.293966
0.625582 0.303495
0.614703 0.313656
0.608999 0.319013
0.603091 0.324583
0.590548 0.336474
0.583839 0.342869
0.882839 0.45443
0.87985 0.411886
0.876859 0.376766
0.870867 0.323407
0.867867 0.303089
0.861854 0.271486
0.858841 0.259172
0.855824 0.248672
0.852801 0.239694
0.849773 0.232007
0.846739 0.225422
0.843698 0.219783
0.840651 0.214964
0.837596 0.210858
0.834534 0.207376
0.831464 0.204445
0.828386 0.202001
0.825299 0.199989
0.822202 0.198366
0.819095 0.19709
0.815979 0.196127
0.812851 0.19545
0.809712 0.19503
0.803399 0.194878
0.800223 0.195109
0.797034 0.195523
0.790612 0.196849
0.787379 0.197738
0.77758 0.201197
0.774278 0.202589
0.770958 0.204089
0.767618 0.205693
0.764257 0.207396
0.760875 0.209193
0.75747 0.211081
0.754042 0.213056
0.747112 0.217257
0.743608 0.219478
0.740076 0.221776
0.736515 0.224151
0.732924 0.226601
0.729301 0.229124
0.71446 0.239943
0.710654 0.242829
0.706806 0.245787
0.702913 0.248819
0.698973 0.251925
0.694984 0.255108
0.686845 0.261706
0.68269 0.265126
0.674189 0.272222
0.665407 0.279679
0.660898 0.283554
0.651614 0.29162
0.646826 0.295824
0.641929 0.300152
0.636915 0.304613
0.626489 0.313975
0.621049 0.318902
0.615437 0.324015
0.609632 0.329332
0.60361 0.334879
0.59734 0.340686
0.590786 0.346787
0.583899 0.353232
0.576618 0.360081
0.87968 0.480736
0.876663 0.444229
0.87062 0.386144
0.867594 0.363113
0.864564 0.343278
0.861529 0.326147
0.85849 0.311312
0.855446 0.298433
0.852397 0.287228
0.84628 0.268946
0.843212 0.261511
0.840137 0.255022
0.837054 0.249363
0.833964 0.244438
0.830865 0.240162
0.827758 0.236464
0.824641 0.233283
0.818378 0.228267
0.81523 0.226346
0.812072 0.224768
0.808901 0.223504
0.802523 0.221809
0.799313 0.221335
0.792852 0.22104
0.789599 0.221187
0.786329 0.221514
0.783043 0.222008
0.776417 0.223457
0.773076 0.224395
0.769715 0.225464
0.766333 0.226659
0.76293 0.227973
0.759504 0.2294
0.756054 0.230937
0.74908 0.23432
0.745553 0.236159
0.741998 0.238093
0.738414 0.240119
0.731151 0.24444
0.72747 0.24673
0.723753 0.249106
0.719999 0.251567
0.716206 0.254111
0.712373 0.25674
0.708495 0.259451
0.704573 0.262247
0.696581 0.268093
0.692507 0.271146
0.688376 0.274286
0.684184 0.277518
0.679929 0.280842
0.675606 0.284261
0.666737 0.291401
0.657535 0.29897
0.652793 0.302929
0.647947 0.307014
0.637906 0.315592
0.63269 0.320107
0.627325 0.324788
0.621796 0.32965
0.610166 0.339996
0.604016 0.345528
0.590873 0.357479
0.576253 0.370963
0.568185 0.378483
0.879503 0.535959
0.87646 0.499965
0.870364 0.440453
0.867311 0.416022
0.864254 0.394567
0.861192 0.375708
0.858126 0.35911
0.851977 0.331572
0.848894 0.320167
0.845804 0.31008
0.842708 0.301156
0.836492 0.286266
0.833373 0.280085
0.830244 0.274626
0.827106 0.269814
0.823959 0.265583
0.820801 0.261878
0.817633 0.258647
0.814454 0.255848
0.811262 0.253442
0.808059 0.251395
0.804842 0.249678
0.801612 0.248263
0.798368 0.247128
0.795109 0.246251
0.791835 0.245614
0.788544 0.2452
0.785237 0.244994
0.778568 0.245153
0.775206 0.245496
0.768419 0.246658
0.764994 0.247461
0.761545 0.248402
0.758073 0.249476
0.754576 0.250675
0.747502 0.253433
0.743923 0.254983
0.740313 0.256643
0.736673 0.258408
0.733 0.260276
0.729292 0.262246
0.725549 0.264314
0.721767 0.266481
0.717946 0.268743
0.714082 0.271102
0.706221 0.276104
0.702218 0.278747
0.698163 0.281487
0.689885 0.287257
0.681359 0.293427
0.676994 0.296668
0.672553 0.300018
0.663425 0.307056
0.658725 0.310755
0.653925 0.314583
0.649016 0.318545
0.64399 0.322652
0.633536 0.331337
0.628082 0.335942
0.622454 0.340743
0.61663 0.34576
0.610587 0.351018
0.604292 0.356545
0.597708 0.362382
0.583455 0.375193
0.575633 0.382319
0.567191 0.390082
0.557938 0.398671
0.882389 0.618622
0.879321 0.580486
0.87625 0.545993
0.873176 0.514964
0.870099 0.487153
0.863933 0.440066
0.860843 0.420232
0.857749 0.402525
0.854648 0.386711
0.84843 0.359948
0.845311 0.348649
0.842185 0.33854
0.839051 0.329493
0.835909 0.321398
0.832759 0.314157
0.829599 0.307685
0.82643 0.301907
0.82325 0.296757
0.82006 0.292176
0.813646 0.284525
0.810421 0.281369
0.807183 0.27861
0.803931 0.276216
0.800665 0.274158
0.797384 0.272413
0.790776 0.269766
0.787446 0.268828
0.784099 0.268122
0.780733 0.267636
0.777348 0.267355
0.773942 0.267268
0.770516 0.267363
0.767067 0.267631
0.763595 0.268063
0.760099 0.268651
0.756577 0.269389
0.749454 0.271285
0.745849 0.272433
0.742214 0.273708
0.738547 0.275106
0.731111 0.278257
0.727339 0.280005
0.723528 0.281864
0.719677 0.283832
0.715782 0.285909
0.703818 0.292781
0.695579 0.297896
0.691372 0.300616
0.687101 0.303446
0.673861 0.312618
0.655004 0.326584
0.650027 0.330423
0.644926 0.334417
0.639689 0.338577
0.628749 0.347448
0.62301 0.352193
0.617062 0.357172
0.610876 0.362414
0.604417 0.367952
0.59764 0.373831
0.590486 0.380109
0.582876 0.386864
0.574699 0.394206
0.565793 0.402297
0.544555 0.421962