88.4038925170898 52.0070152282715
88.1259613037109 47.2535438537598
87.8478622436523 43.0320816040039
87.5695724487305 39.2842788696289
87.2910614013672 35.9508514404297
87.0123138427734 32.9762306213379
86.7332916259766 30.3106670379639
86.453971862793 27.9107780456543
86.1743392944336 25.7393894195557
85.8943481445313 23.7648372650146
85.6139907836914 21.9603595733643
85.3332290649414 20.3032989501953
85.0520324707031 18.7744808197021
84.770393371582 17.3577079772949
84.4882583618164 16.0391273498535
84.2056198120117 14.8070287704468
83.9224319458008 13.6513242721558
83.638671875 12.5633230209351
83.3543167114258 11.5355920791626
83.0693283081055 10.5616483688354
82.7836685180664 9.63589572906494
82.497314453125 8.75341033935547
82.2102432250977 7.90991878509521
81.9224166870117 7.10162115097046
81.6337814331055 6.3251895904541
81.3443298339844 5.5776834487915
81.0540008544922 4.85647010803223
80.7627868652344 4.1592230796814
80.4706268310547 3.48384237289429
80.1774978637695 2.82845258712769
79.8833541870117 2.19136095046997
79.5881576538086 1.57107329368591
79.291862487793 0.966171026229858
78.9944381713867 0.375435292720795
78.6958160400391 0.202293395996094
78.3959884643555 0.768041849136353
78.0948791503906 1.32276320457459
77.7924423217773 1.8673232793808
77.4886474609375 2.40255212783813
77.1834259033203 2.92916393280029
76.8767242431641 3.44784045219421
76.5685043334961 3.9592342376709
76.2586898803711 4.46394157409668
75.9472351074219 4.96248912811279
75.6340713500977 5.45541429519653
75.3191375732422 5.94319105148315
75.0023574829102 6.42627286911011
74.6836853027344 6.90509176254272
74.3630294799805 7.38006210327148
74.0403060913086 7.85157012939453
73.715461730957 8.31996536254883
73.3883972167969 8.78562068939209
73.0590362548828 9.24885845184326
72.7272796630859 9.71002674102783
72.3930282592773 10.1694107055664
72.0561981201172 10.6273365020752
71.716667175293 11.084098815918
71.3743438720703 11.5399827957153
71.0290908813477 11.9952821731567
70.680793762207 12.4502716064453
70.3293228149414 12.9052333831787
69.9745330810547 13.3604555130005
69.6162872314453 13.8162136077881
69.2544174194336 14.2727928161621
68.8887786865234 14.7304620742798
68.519172668457 15.1895236968994
68.1454162597656 15.6502780914307
67.7673110961914 16.11301612854
67.3846282958984 16.5780563354492
66.9971466064453 17.0457210540771
66.604606628418 17.5163478851318
66.2067413330078 17.9902896881104
65.8032531738281 18.4679145812988
65.3938064575195 18.9496288299561
64.9780807495117 19.4358406066895
64.5556640625 19.9269943237305
64.1261749267578 20.4235706329346
63.6891136169434 20.9261016845703
63.2439994812012 21.4351463317871
62.7902603149414 21.9513149261475
62.3272705078125 22.4752902984619
88.3953475952148 47.4430274963379
88.1159286499023 42.5837249755859
87.8363342285156 38.3646240234375
87.5565338134766 34.6905822753906
87.2765197753906 31.4751262664795
86.9962539672852 28.6438045501709
86.7157135009766 26.1340808868408
86.4348678588867 23.8942642211914
86.153694152832 21.8818302154541
85.8721618652344 20.0619297027588
85.5902557373047 18.4058895111084
85.3079299926758 16.8900375366211
85.0251617431641 15.4948348999023
84.7419357299805 14.2039833068848
84.4582138061523 13.0038290023804
84.1739501953125 11.8829231262207
83.8891448974609 10.8315629959106
83.6037521362305 9.84151458740234
83.317741394043 8.90572452545166
83.0310821533203 8.01812744140625
82.7437438964844 7.17353057861328
82.4556884765625 6.36738729476929
82.1668930053711 5.59572792053223
81.877311706543 4.85515260696411
81.5869216918945 4.1425895690918
81.2956848144531 3.4553816318512
81.0035552978516 2.79115748405457
80.7105026245117 2.14780139923096
80.4164886474609 1.5234500169754
80.121467590332 0.916430771350861
79.8254165649414 0.325223654508591
79.5282745361328 0.251518994569778
79.2300109863281 0.815031170845032
78.9305801391602 1.36642253398895
78.6299285888672 1.90669310092926
78.3280181884766 2.43679189682007
78.0248031616211 2.95753169059753
77.7202224731445 3.46970462799072
77.4142303466797 3.97400808334351
77.1067733764648 4.47111701965332
76.7978057861328 4.96162366867065
76.4872512817383 5.44610118865967
76.1750640869141 5.92506837844849
75.8611831665039 6.39901924133301
75.545539855957 6.86840486526489
75.2280654907227 7.33366441726685
74.90869140625 7.79520654678345
74.5873413085938 8.25341892242432
74.2639541625977 8.70865726470947
73.9384384155273 9.16127681732178
73.610725402832 9.61161041259766
73.2807006835938 10.0599822998047
72.9482955932617 10.5066776275635
72.613410949707 10.9520311355591
72.2759475708008 11.3963108062744
71.9357986450195 11.8397998809814
71.5928421020508 12.2827739715576
71.2469787597656 12.7255153656006
70.8980712890625 13.1682891845703
70.5459976196289 13.6113634109497
70.1906127929688 14.0550088882446
69.8317718505859 14.4994955062866
69.4693222045898 14.9450855255127
69.1030883789063 15.3920631408691
68.7328948974609 15.8406972885132
68.3585510253906 16.2912883758545
67.9798583984375 16.7441272735596
67.5965957641602 17.1995086669922
67.2085342407227 17.6577606201172
66.8154067993164 18.1192035675049
66.4169464111328 18.584192276001
66.0128631591797 19.0530853271484
65.6028213500977 19.5262794494629
65.1864852905273 20.0041809082031
64.7634582519531 20.4872360229492
64.3333282470703 20.9759140014648
63.8956260681152 21.470739364624
63.4498405456543 21.9722785949707
62.9954147338867 22.4811420440674
62.5317115783691 22.9980049133301
62.0580177307129 23.5236167907715
88.3868026733398 41.9855003356934
88.1058883666992 37.1538200378418
87.8247909545898 33.066089630127
87.5434951782227 29.5801830291748
87.2619705200195 26.5796337127686
86.9801864624023 23.9717178344727
86.6981201171875 21.683235168457
86.4157485961914 19.6565227508545
86.1330413818359 17.8460102081299
85.8499603271484 16.2155570983887
85.5664978027344 14.736216545105
85.2826156616211 13.3846321105957
84.9982757568359 12.1418609619141
84.7134552001953 10.9923839569092
84.4281311035156 9.92337608337402
84.1422576904297 8.92423152923584
83.855827331543 7.98600196838379
83.5687866210938 7.10119247436523
83.281120300293 6.26343870162964
82.992790222168 5.46731948852539
82.7037582397461 4.70815753936768
82.4139938354492 3.98196053504944
82.1234741210938 3.28522610664368
81.832145690918 2.6149275302887
81.5399856567383 1.96839284896851
81.2469482421875 1.34331166744232
80.9530029296875 0.737623512744904
80.6581115722656 0.149482071399689
80.3622360229492 0.422733217477798
80.0653228759766 0.980461359024048
79.7673492431641 1.52502250671387
79.4682540893555 2.0575578212738
79.1680068969727 2.57916188240051
78.8665466308594 3.09076952934265
78.5638427734375 3.59325575828552
78.2598495483398 4.08739757537842
77.9544982910156 4.5739631652832
77.3395538330078 5.52685594558716
77.0298461914063 5.99439001083374
76.7185668945313 6.45668649673462
76.4056701660156 6.91423940658569
76.0910873413086 7.36748933792114
75.7747421264648 7.81689167022705
75.4565887451172 8.2628173828125
75.1365356445313 8.70565891265869
74.8145370483398 9.14577007293701
74.4904937744141 9.5834846496582
74.1643295288086 10.0191326141357
73.8359756469727 10.4530210494995
73.5053253173828 10.8854484558105
73.1723098754883 11.3166913986206
72.8368148803711 11.7470426559448
72.4987411499023 12.1767749786377
72.1579971313477 12.6061277389526
71.8144607543945 13.0353927612305
71.4680099487305 13.4647998809814
71.118537902832 13.8946170806885
70.7658920288086 14.3250951766968
70.4099502563477 14.7564935684204
70.0505523681641 15.189058303833
69.6875610351563 15.6230602264404
69.3207778930664 16.0587482452393
68.9500503540039 16.4964027404785
68.5751724243164 16.9362888336182
68.1959533691406 17.3787040710449
67.8121643066406 17.8239288330078
67.4235687255859 18.2722797393799
67.029914855957 18.7240829467773
66.6309356689453 19.1796569824219
66.2263259887695 19.63938331604
65.8157577514648 20.1036357879639
65.3988876342773 20.5728130340576
64.9753189086914 21.0473651885986
64.5446472167969 21.5277538299561
64.1063995361328 22.0144958496094
63.6600608825684 22.5081443786621
63.2050514221191 23.0093212127686
62.7407493591309 23.5186996459961
62.2664337158203 24.0370273590088
61.7813148498535 24.5651397705078
88.378303527832 35.5128746032715
88.0958938598633 30.9202919006348
87.8133087158203 27.1416988372803
87.5305099487305 23.9862289428711
87.2474822998047 21.3120059967041
86.9641952514648 19.0139427185059
86.6806182861328 17.0136203765869
86.3967208862305 15.2518358230591
86.1124801635742 13.6836643218994
85.8278656005859 12.2742738723755
85.542854309082 10.996527671814
85.2574005126953 9.82889080047607
84.9714889526367 8.75424194335938
84.6850967407227 7.75868988037109
84.3981704711914 6.8309121131897
84.1107025146484 5.96162557601929
83.822639465332 5.14309024810791
83.5339660644531 4.36884450912476
83.2446517944336 3.63345265388489
82.9546432495117 2.93231058120728
82.663932800293 2.26146292686462
82.3724594116211 1.61753678321838
82.080207824707 0.997578024864197
81.7871398925781 0.399062484502792
81.4932098388672 0.180220261216164
81.1983795166016 0.742215037345886
80.9026260375977 1.28862655162811
80.6058883666992 1.82098281383514
80.3081359863281 2.34063339233398
80.0093307495117 2.84877228736877
79.7094345092773 3.34647440910339
79.4083862304688 3.83469605445862
79.1061401367188 4.31434154510498
78.8026733398438 4.7861704826355
78.497917175293 5.25092506408691
78.1918182373047 5.70925855636597
77.8843383789063 6.1617488861084
77.5754165649414 6.60898208618164
77.2649917602539 7.05145645141602
76.9530181884766 7.48963069915771
76.6394348144531 7.92395401000977
76.3241729736328 8.35482788085938
76.0071716308594 8.78264999389648
75.6883544921875 9.20776653289795
75.36767578125 9.63051605224609
75.045036315918 10.0512189865112
74.7203750610352 10.470193862915
74.3936080932617 10.8877220153809
74.0646514892578 11.3040819168091
73.7334136962891 11.7195453643799
73.3998107910156 12.1343717575073
73.0637512207031 12.5488138198853
72.7251281738281 12.9631280899048
72.3838348388672 13.3775453567505
72.0397567749023 13.7923030853271
71.6927871704102 14.2076501846313
71.3427886962891 14.623815536499
77.6477508544922 5.05357122421265
70.9896392822266 15.0410375595093
70.6331939697266 15.4595518112183
70.273307800293 15.8795948028564
69.9098205566406 16.3014183044434
69.5425643920898 16.7252731323242
69.1713714599609 17.1514053344727
68.7960357666016 17.5800876617432
68.4163665771484 18.0115776062012
68.0321273803711 18.446174621582
67.6430892944336 18.8841705322266
67.2490081787109 19.3258781433105
66.8496017456055 19.7716217041016
66.4445571899414 20.2217540740967
66.033576965332 20.6766529083252
65.6162872314453 21.1367130279541
65.1923065185547 21.602367401123
64.7612152099609 22.0740756988525
64.3225479125977 22.5523490905762
63.8757820129395 23.0377330780029
63.4203605651855 23.5308437347412
62.9556274414063 24.0323543548584
62.4808692932129 24.5430107116699
61.995288848877 25.063648223877
61.4979782104492 25.5952014923096
88.3717041015625 29.7003707885742
88.0881423950195 25.4957332611084
87.8043975830078 22.1089363098145
87.5204391479492 19.3218479156494
87.2362442016602 16.9830532073975
86.9517822265625 14.9860801696777
86.6670303344727 13.2543792724609
86.381950378418 11.7320966720581
86.0965270996094 10.3776054382324
85.8107147216797 9.15943717956543
85.5244979858398 8.05331230163574
85.2378387451172 7.04025173187256
84.9507064819336 6.10536050796509
84.6630783081055 5.23659992218018
84.3749237060547 4.42427921295166
84.0861968994141 3.66041731834412
83.796875 2.9385199546814
83.5069351196289 2.25308871269226
83.2163238525391 1.59957599639893
82.9250259399414 0.974090278148651
82.6329956054688 0.373345673084259
82.340202331543 0.205498442053795
82.0466079711914 0.764865100383759
81.7521743774414 1.3068460226059
81.4568710327148 1.8333021402359
81.1606521606445 2.3458240032196
80.8634719848633 2.84586215019226
80.565299987793 3.33463263511658
80.2660980224609 3.8132758140564
79.9658203125 4.28278779983521
79.6644134521484 4.7440357208252
79.3618392944336 5.19783163070679
79.0580520629883 5.64490842819214
78.7529907226563 6.08591175079346
78.4466247558594 6.52144002914429
78.1389007568359 6.95204257965088
77.8297500610352 7.37822437286377
77.5191268920898 7.80042934417725
77.2069702148438 8.2191162109375
76.8932189941406 8.63464260101318
76.5778350830078 9.04740810394287
76.2607192993164 9.4577465057373
75.9418258666992 9.8659839630127
75.6210708618164 10.2724304199219
75.2984008789063 10.6773681640625
74.9737319946289 11.0810766220093
74.6469879150391 11.4838304519653
74.3180770874023 11.8858728408813
73.9869232177734 12.2874517440796
73.6534271240234 12.6888113021851
73.3175048828125 13.0901718139648
72.9790496826172 13.4917678833008
72.6379547119141 13.8938207626343
72.2941131591797 14.2965507507324
71.9474105834961 14.7001781463623
71.5977249145508 15.1049318313599
71.2449188232422 15.5110197067261
70.8888549804688 15.9186687469482
70.5293960571289 16.3281059265137
70.166389465332 16.7395534515381
69.7996520996094 17.1532535552979
69.4290313720703 17.5694465637207
69.054313659668 17.9883861541748
68.6753082275391 18.410327911377
68.2918090820313 18.8355464935303
67.903564453125 19.2643203735352
67.5103454589844 19.6969547271729
67.1118621826172 20.133768081665
66.7078247070313 20.5750942230225
66.2979278564453 21.0212841033936
65.8818130493164 21.4727420806885
65.4591064453125 21.9298706054688
65.0293807983398 22.3931255340576
64.5921936035156 22.863000869751
64.1470413208008 23.3400268554688
63.6933479309082 23.8247947692871
63.2305068969727 24.3179569244385
62.7578125 24.8202457427979
62.2744674682617 25.3324699401855
61.779598236084 25.8555450439453
61.2721900939941 26.3905029296875
88.3598480224609 17.5388507843018
88.0742111206055 14.5785140991211
87.7883911132813 12.2586660385132
87.5023422241211 10.3773260116577
87.2160568237305 8.80821132659912
86.9294967651367 7.46867847442627
86.6426239013672 6.30250883102417
86.3554229736328 5.27034139633179
86.0678634643555 4.3437385559082
85.779899597168 3.50170040130615
85.4915237426758 2.72843480110168
85.2026824951172 2.01170969009399
84.9133605957031 1.34209370613098
84.6235198974609 0.712029755115509
84.3331298828125 0.115512304008007
84.0421600341797 0.452366977930069
83.7505722045898 0.995624601840973
83.4583358764648 1.51759743690491
83.165412902832 2.02104496955872
82.8717727661133 2.50831985473633
82.5773773193359 2.98139190673828
82.2821960449219 3.44197106361389
81.9861831665039 3.89153599739075
81.6892929077148 4.33132696151733
81.3915023803711 4.76247501373291
81.0927658081055 5.18593502044678
80.7930450439453 5.60255098342896
80.4922790527344 6.01309156417847
80.1904449462891 6.41821527481079
79.8874969482422 6.81854343414307
79.5833740234375 7.21461057662964
79.2780456542969 7.60689163208008
78.9714508056641 7.99585199356079
78.6635360717773 8.38188743591309
78.3542709350586 8.76535797119141
78.043571472168 9.14663028717041
77.7313995361328 9.52599906921387
77.4176940917969 9.90375900268555
77.1023864746094 10.2802057266235
76.7854309082031 10.655571937561
76.4667434692383 11.0301179885864
76.1462631225586 11.4040727615356
75.8239288330078 11.7776460647583
75.4996566772461 12.151065826416
75.1733779907227 12.5245151519775
74.8450088500977 12.8982057571411
74.5144500732422 13.2723207473755
74.181640625 13.647047996521
73.8464660644531 14.0225858688354
73.5088424682617 14.3990936279297
73.1686630249023 14.7767601013184
72.8258209228516 15.1557731628418
72.4802169799805 15.5363082885742
72.131706237793 15.9185523986816
71.7801818847656 16.3026809692383
71.4255065917969 16.6888961791992
71.0675430297852 17.0773792266846
70.7061309814453 17.4683303833008
70.3411178588867 17.8619613647461
69.9723358154297 18.2584781646729
69.5996017456055 18.6581020355225
69.2227249145508 19.0610675811768
68.8414916992188 19.4676132202148
68.455680847168 19.8780078887939
68.0650634765625 20.2925033569336
67.6693649291992 20.7114028930664
67.2683181762695 21.1350021362305
66.8616180419922 21.5636386871338
66.4489288330078 21.997673034668
66.0298919677734 22.4374771118164
65.6041259765625 22.8834667205811
65.1711883544922 23.3360996246338
64.7306060791016 23.7958698272705
64.281852722168 24.2633285522461
63.8243446350098 24.739070892334
63.3574333190918 25.2237663269043
62.88037109375 25.7181720733643
62.3923492431641 26.2231311798096
61.8924140930176 26.7395915985107
61.3794937133789 27.2686500549316
60.8523445129395 27.8115501403809
88.3476486206055 3.31736993789673
88.0598678588867 2.29621577262878
87.7719039916992 1.46326923370361
87.4837188720703 0.754185020923615
87.1952667236328 0.130918130278587
86.9065399169922 0.430478036403656
86.6174926757813 0.945862948894501
86.3281021118164 1.42616665363312
86.038330078125 1.87911033630371
85.748161315918 2.31038331985474
85.4575500488281 2.72417116165161
85.1664657592773 3.12373924255371
84.8748779296875 3.51158809661865
84.5827560424805 3.88970756530762
84.2900695800781 4.25972652435303
83.9967727661133 4.62286853790283
83.7028427124023 4.98023509979248
83.4082489013672 5.33270883560181
83.1129379272461 5.68102216720581
82.8168716430664 6.02580213546753
82.5200347900391 6.36757755279541
82.2223739624023 6.70681047439575
81.9238510131836 7.04391002655029
81.6244354248047 7.37922239303589
81.3240737915039 7.71306419372559
81.0227279663086 8.0457181930542
80.7203521728516 8.3774299621582
80.4169082641602 8.70840930938721
80.1123504638672 9.03888034820557
79.8066253662109 9.36903667449951
79.4996871948242 9.6990213394165
79.1914901733398 10.0290203094482
78.8819808959961 10.3591823577881
78.5710983276367 10.6896486282349
78.2587966918945 11.020544052124
77.9450149536133 11.3520078659058
77.6296920776367 11.6841640472412
77.3127746582031 12.017128944397
76.9941787719727 12.3510360717773
76.6738662719727 12.6859903335571
76.3517456054688 13.022102355957
76.0277557373047 13.3594779968262
75.7018203735352 13.6982498168945
75.3738555908203 14.0385189056396
75.0437850952148 14.3803997039795
74.7115249633789 14.7240076065063
74.3769836425781 15.0694599151611
74.0400619506836 15.4168682098389
73.7006607055664 15.7663679122925
73.3586883544922 16.1180763244629
73.0140228271484 16.4721240997314
72.6665573120117 16.8286457061768
72.3161697387695 17.187780380249
71.9627227783203 17.5496711730957
71.6060791015625 17.9144668579102
71.2461090087891 18.2823276519775
70.8826599121094 18.6534194946289
70.5155487060547 19.027925491333
70.1446075439453 19.4060211181641
69.769660949707 19.7879104614258
69.3905029296875 20.1737976074219
69.0069198608398 20.5639038085938
68.6186904907227 20.9584732055664
68.2255554199219 21.357759475708
67.8272552490234 21.762035369873
67.4234924316406 22.1715965270996
67.0139617919922 22.5867729187012
66.5983276367188 23.0078983306885
66.1762008666992 23.4353618621826
65.7471771240234 23.8695755004883
65.3108215332031 24.3109951019287
64.8666152954102 24.7601222991943
64.4140396118164 25.2175102233887
63.9524383544922 25.6837825775146
63.4811630249023 26.1596221923828
62.9994239807129 26.645809173584
62.5063514709473 27.1432189941406
62.0009460449219 27.6528606414795
61.4820709228516 28.1758708953857
60.9483985900879 28.7135791778564
60.3983993530273 29.2675228118896
88.335075378418 11.5307369232178
88.0450973510742 10.3818769454956
87.7549209594727 9.59751033782959
87.4645156860352 9.05532455444336
87.1738433837891 8.68218040466309
86.8828811645508 8.43170070648193
86.5915832519531 8.27293872833252
86.299934387207 8.18467426300049
86.0078964233398 8.15176296234131
85.715446472168 8.16308879852295
85.4225311279297 8.21042537689209
85.1291275024414 8.28746032714844
84.835205078125 8.38931941986084
84.5407333374023 8.51216125488281
84.2456588745117 8.65291023254395
83.9499664306641 8.80914688110352
83.6536178588867 8.97882461547852
83.3565673828125 9.16031551361084
83.0587844848633 9.35225963592529
82.7602233886719 9.55349254608154
82.4608612060547 9.76310157775879
82.1606369018555 9.98026657104492
81.8595199584961 10.2043027877808
81.5574722290039 10.4346313476563
81.2544403076172 10.6707468032837
80.9503936767578 10.9122352600098
80.6452789306641 11.1587295532227
80.3390426635742 11.4099073410034
80.0316543579102 11.6655044555664
79.7230529785156 11.9252958297729
79.4131851196289 12.1890783309937
79.1020126342773 12.4566802978516
78.7894592285156 12.7279644012451
78.4754867553711 13.0027942657471
78.160026550293 13.281078338623
77.8430252075195 13.56272315979
77.5244140625 13.8476791381836
77.2041320800781 14.1358804702759
76.8821182250977 14.4272747039795
76.5582809448242 14.7218580245972
76.2325744628906 15.0196027755737
75.9048919677734 15.3204965591431
75.5751800537109 15.6245594024658
75.2433395385742 15.9317932128906
74.9093017578125 16.2422218322754
74.5729446411133 16.5558853149414
74.2341995239258 16.8728294372559
73.892951965332 17.19309425354
73.5491027832031 17.5167503356934
73.2025299072266 17.8438587188721
72.8531265258789 18.1745014190674
72.5007553100586 18.5087604522705
72.1453018188477 18.8467426300049
71.7866058349609 19.1885471343994
71.4245376586914 19.5342979431152
71.0589294433594 19.8841304779053
70.6896133422852 20.2381763458252
70.3164215087891 20.5965843200684
69.9391403198242 20.9595432281494
69.5575866699219 21.3272171020508
69.1715316772461 21.6998195648193
68.7807312011719 22.077564239502
68.3849411010742 22.4606914520264
67.98388671875 22.8494510650635
67.5772552490234 23.2441310882568
67.1647415161133 23.6450462341309
66.7459564208984 24.0525360107422
66.3205490112305 24.4669704437256
65.8880767822266 24.8887691497803
65.4480667114258 25.3183860778809
65.0000076293945 25.7563304901123
64.5433120727539 26.2031688690186
64.0773391723633 26.6595363616943
63.6013793945313 27.1261463165283
63.1146011352539 27.6037998199463
62.6160850524902 28.0934238433838
62.1047706604004 28.5960597991943
61.5794334411621 29.1129283905029
61.0386581420898 29.6454410552979
60.480785369873 30.1952438354492
59.9038391113281 30.7643089294434
88.3221054077148 25.17649269104
88.0298614501953 22.2933006286621
87.7374038696289 20.14133644104
87.444709777832 18.5006885528564
87.151741027832 17.2296714782715
86.8584747314453 16.2334327697754
86.5648651123047 15.4466247558594
86.2708892822266 14.8228569030762
85.9765014648438 14.32834815979
85.6816787719727 13.9380493164063
85.3863906860352 13.6329479217529
85.0905990600586 13.3983478546143
84.7942657470703 13.2228336334229
84.4973449707031 13.0973024368286
84.199821472168 13.0144491195679
83.9016494750977 12.9683446884155
83.6027984619141 12.9541540145874
83.3032150268555 12.9678726196289
83.0028686523438 13.0061359405518
82.7017211914063 13.0661764144897
82.3997344970703 13.145580291748
82.0968551635742 13.2423839569092
81.7930526733398 13.3548345565796
81.4882736206055 13.4814786911011
81.1824798583984 13.6210041046143
80.875617980957 13.7723550796509
80.5676498413086 13.9345436096191
80.2585220336914 14.1067380905151
79.9481887817383 14.2882146835327
79.6365966796875 14.4783153533936
79.3236770629883 14.6765117645264
79.009391784668 14.8822803497314
78.6936721801758 15.0952177047729
78.3764724731445 15.3149147033691
78.0577239990234 15.5410499572754
77.7373580932617 15.7733192443848
77.4153137207031 16.0114803314209
77.0915145874023 16.2553005218506
76.7658996582031 16.5045852661133
76.4383926391602 16.7591648101807
76.1089096069336 17.018892288208
75.7773666381836 17.2836647033691
75.4436874389648 17.5533561706543
75.107780456543 17.8278961181641
74.7695388793945 18.1072292327881
74.4288864135742 18.3912887573242
74.0857009887695 18.6800651550293
73.7398834228516 18.9735240936279
73.3913192749023 19.2716846466064
73.0398788452148 19.5745506286621
72.6854400634766 19.8821563720703
72.3278732299805 20.1945381164551
71.9670333862305 20.5117568969727
71.6027526855469 20.833890914917
71.2348861694336 21.1610221862793
70.8632659912109 21.4932613372803
70.4876861572266 21.8307209014893
70.1079559326172 22.1735382080078
69.723876953125 22.5218734741211
69.335205078125 22.8758945465088
68.9417114257813 23.2357959747314
68.5431137084961 23.6017990112305
68.1391296386719 23.9741439819336
67.7294616699219 24.3531017303467
67.3137588500977 24.7389736175537
66.8916625976563 25.1320858001709
66.4627532958984 25.5328102111816
66.0265884399414 25.9415607452393
65.5826873779297 26.3588027954102
65.1304931640625 26.7850360870361
64.6694030761719 27.2208576202393
64.1987380981445 27.6669158935547
63.7177314758301 28.1239395141602
63.2255172729492 28.5927886962891
62.7211112976074 29.0744075775146
62.2033767700195 29.5699195861816
61.671012878418 30.0806064605713
61.1224746704102 30.6079883575439
60.555965423584 31.1538486480713
59.9693336486816 31.7203235626221
59.3599700927734 32.3099899291992
88.3087158203125 36.5158271789551
88.0141296386719 32.6365776062012
87.7193222045898 29.5802402496338
87.4242706298828 27.1429195404053
87.1289367675781 25.1772937774658
86.8332748413086 23.5766258239746
86.5372772216797 22.262638092041
86.2408905029297 21.1770877838135
85.9440841674805 20.276123046875
85.6468200683594 19.5261039733887
85.3490753173828 18.9009819030762
85.0508041381836 18.3802509307861
84.7519683837891 17.9476146697998
84.4525375366211 17.5900363922119
84.152473449707 17.2968788146973
83.8517303466797 17.0594081878662
83.5502777099609 16.8704376220703
83.2480697631836 16.7239875793457
82.9450759887695 16.6150360107422
82.641242980957 16.539306640625
82.3365325927734 16.4932250976563
82.0308990478516 16.4736919403076
81.7243041992188 16.4780521392822
81.4166946411133 16.5040493011475
81.108024597168 16.5496845245361
80.7982482910156 16.6132488250732
80.4873123168945 16.693229675293
80.175178527832 16.7882976531982
79.8617630004883 16.8973159790039
79.5470504760742 17.0192527770996
79.23095703125 17.1532173156738
78.9134292602539 17.2984008789063
78.5944137573242 17.4541015625
78.2738342285156 17.6196956634521
77.9516448974609 17.7946319580078
77.6277542114258 17.9784126281738
77.3021087646484 18.1706008911133
76.9746398925781 18.3708038330078
76.6452560424805 18.5786972045898
76.3138809204102 18.7939605712891
75.9804382324219 19.0163326263428
75.6448287963867 19.2455749511719
75.3069686889648 19.4815006256104
74.9667587280273 19.7239208221436
74.6241073608398 19.9727020263672
74.2789001464844 20.2277126312256
73.931022644043 20.4888458251953
73.5803680419922 20.7560329437256
73.226806640625 21.0292282104492
72.8702011108398 21.3083667755127
72.5104217529297 21.5934600830078
72.1473159790039 21.8844928741455
71.7807235717773 22.1814918518066
71.4104766845703 22.4844970703125
71.0364074707031 22.793571472168
70.6583251953125 23.1087989807129
70.2760162353516 23.4302730560303
69.8892669677734 23.7581233978271
69.4978332519531 24.0924911499023
69.1014709472656 24.4335403442383
68.6999130249023 24.78147315979
68.292839050293 25.1365184783936
67.8799438476563 25.4989109039307
67.4608612060547 25.8689575195313
67.0352172851563 26.2469692230225
66.6025772094727 26.6333141326904
66.162483215332 27.0284061431885
65.7144088745117 27.4327049255371
65.2577896118164 27.8467407226563
64.7919769287109 28.2710971832275
64.3162536621094 28.7064609527588
63.8298034667969 29.1535968780518
63.3317108154297 29.6133880615234
62.8209075927734 30.0868530273438
62.2961921691895 30.575174331665
61.7561378479004 31.0797271728516
61.199089050293 31.6021404266357
60.6230621337891 32.1443634033203
60.0257034301758 32.7087364196777
59.4041061401367 33.2981185913086
58.7546844482422 33.9160690307617
88.2948913574219 45.4321174621582
87.9978790283203 41.1758117675781
87.7006454467773 37.6618461608887
87.4031524658203 34.7491760253906
87.1053695678711 32.3221244812012
86.8072509765625 30.28830909729
86.5087661743164 28.5748386383057
86.2098846435547 27.1241683959961
85.9105758666992 25.8908596038818
85.6107940673828 24.8387603759766
85.3105010986328 23.9390430450439
85.0096664428711 23.1683578491211
84.7082443237305 22.5078392028809
84.4062042236328 21.9419765472412
84.1035079956055 21.4580078125
83.8001022338867 21.0453605651855
83.4959564208984 20.6951541900635
83.191032409668 20.3999328613281
82.8852767944336 20.1533851623535
82.5786590576172 19.9501495361328
82.271125793457 19.7856349945068
81.9626312255859 19.6558971405029
81.6531295776367 19.5575141906738
81.3425750732422 19.4875068664551
81.0309143066406 19.4433250427246
80.7181015014648 19.4226989746094
80.4040756225586 19.4236545562744
80.0887908935547 19.4444408416748
79.7721862792969 19.483549118042
79.4542083740234 19.539587020874
79.1347961425781 19.6113739013672
78.8138809204102 19.6978282928467
78.4914016723633 19.7980003356934
78.1673049926758 19.911039352417
77.8415069580078 20.0361976623535
77.5139312744141 20.1727924346924
77.1845092773438 20.3202228546143
76.8531723022461 20.4779453277588
76.5198211669922 20.6454925537109
76.1843872070313 20.8224201202393
75.8467636108398 21.0083599090576
75.5068740844727 21.2029685974121
75.1646041870117 21.4059581756592
74.8198547363281 21.6170635223389
74.472526550293 21.8360614776611
74.1225051879883 22.0627517700195
73.7696533203125 22.2969799041748
73.4138565063477 22.5386047363281
73.0549774169922 22.7875118255615
72.69287109375 23.0436229705811
72.3273849487305 23.306884765625
71.9583587646484 23.5772495269775
71.5856170654297 23.8547134399414
71.208984375 24.1392955780029
70.8282470703125 24.4310188293457
70.4432067871094 24.7299613952637
70.0536422729492 25.0361938476563
69.659294128418 25.3498477935791
69.2599029541016 25.6710586547852
68.8551864624023 25.9999847412109
68.4448318481445 26.3368396759033
68.0284957885742 26.6818618774414
67.605827331543 27.0353164672852
67.176399230957 27.3975257873535
66.7397766113281 27.7688426971436
66.2954635620117 28.1496810913086
65.8429260253906 28.5405120849609
65.3815460205078 28.9418640136719
64.91064453125 29.3543663024902
64.4294586181641 29.778694152832
63.937126159668 30.2156810760498
63.4326400756836 30.6662368774414
62.9148788452148 31.1314544677734
62.3825263977051 31.6125965118408
61.8340339660645 32.1111488342285
61.2675933837891 32.6288833618164
60.6810302734375 33.1679267883301
60.0717086791992 33.7308731079102
59.436393737793 34.3209228515625
58.77099609375 34.9421043395996
58.0703086853027 35.5996170043945
88.2805862426758 52.3187789916992
87.9810791015625 48.0605850219727
87.6813278198242 44.4078483581543
87.3813095092773 41.2785186767578
87.0809860229492 38.5954437255859
86.7803268432617 36.2903594970703
86.4792785644531 34.304874420166
86.1778182983398 32.5898399353027
85.8759078979492 31.1043262481689
85.5735092163086 29.8144073486328
85.2705841064453 28.6919193267822
84.9670944213867 27.7134819030762
84.6629943847656 26.8596076965332
84.3582458496094 26.1140365600586
84.0528106689453 25.4630680084229
83.7466506958008 24.8951549530029
83.4397125244141 24.4005088806152
83.1319580078125 23.9707832336426
82.8233413696289 23.5988464355469
82.5138244628906 23.2785797119141
82.2033538818359 23.0046997070313
81.8918838500977 22.7725791931152
81.5793609619141 22.578275680542
81.265739440918 22.4182872772217
80.9509582519531 22.2895622253418
80.6349792480469 22.189432144165
80.3177261352539 22.1155090332031
79.9991607666016 22.0657253265381
79.6792144775391 22.0382213592529
79.3578338623047 22.031343460083
79.0349426269531 22.0436496734619
78.7104873657227 22.0738124847412
78.384391784668 22.1206760406494
78.0565872192383 22.1831893920898
77.7269973754883 22.2604236602783
77.3955535888672 22.351541519165
77.0621643066406 22.4557819366455
76.7267608642578 22.5724906921387
76.3892364501953 22.7010440826416
76.0495071411133 22.8409156799316
75.7074813842773 22.991626739502
75.3630523681641 23.1527271270752
75.0161209106445 23.3238506317139
74.6665725708008 23.5046615600586
74.3142852783203 23.6948566436768
73.9591369628906 23.8941802978516
73.6009979248047 24.1023998260498
73.2397308349609 24.3193435668945
72.8751754760742 24.5448436737061
72.5071792602539 24.7787761688232
72.1355895996094 25.0210437774658
71.7602157592773 25.2715873718262
71.3808670043945 25.5303573608398
70.9973449707031 25.7973556518555
70.6094207763672 26.0725955963135
70.2168731689453 26.356128692627
69.8194274902344 26.6480312347412
69.4168243408203 26.9484233856201
69.0087585449219 27.2574443817139
68.5949020385742 27.5752696990967
68.174919128418 27.90212059021
67.748405456543 28.2382564544678
67.31494140625 28.5839881896973
66.8740539550781 28.9396686553955
66.4252166748047 29.3057041168213
65.9678802490234 29.6825695037842
65.5013656616211 30.0708255767822
65.0249786376953 30.471097946167
64.5378723144531 30.884126663208
64.0391311645508 31.3107509613037
63.5276985168457 31.7519664764404
63.0023193359375 32.2089347839355
62.4615783691406 32.6830062866211
61.9037857055664 33.1758232116699
61.3269424438477 33.6893043518066
60.7286224365234 34.2258110046387
60.1058807373047 34.7882423400879
59.4550247192383 35.3802337646484
58.7713851928711 36.006404876709
58.0488471984863 36.6728286743164
57.279167175293 37.3876914978027
88.2657852172852 57.6570320129395
87.9636840820313 53.582633972168
87.6613311767578 49.9812393188477
87.3586959838867 46.8110046386719
87.0557479858398 44.0260124206543
86.75244140625 41.5809135437012
86.4487457275391 39.4333953857422
86.1446075439453 37.5454750061035
85.8400115966797 35.8836059570313
85.5348968505859 34.4187164306641
85.2292404174805 33.1257362365723
84.9229888916016 31.9831104278564
84.6161117553711 30.9724178314209
84.3085556030273 30.0778331756592
84.0002746582031 29.2857875823975
83.6912384033203 28.5846652984619
83.3814010620117 27.9643974304199
83.0707092285156 27.4163112640381
82.7591247558594 26.9329013824463
82.4465866088867 26.5076522827148
82.133056640625 26.1348533630371
81.8184814453125 25.8095397949219
81.5028076171875 25.5273551940918
81.1859817504883 25.2844486236572
80.8679580688477 25.0774517059326
80.5486602783203 24.9033527374268
80.2280502319336 24.7595195770264
79.9060440063477 24.6435852050781
79.5826034545898 24.5534534454346
79.2576599121094 24.4872665405273
78.9311218261719 24.4433250427246
78.6029510498047 24.4201374053955
78.2730484008789 24.4163722991943
77.9413528442383 24.4308032989502
77.6077880859375 24.4623584747314
77.2722625732422 24.5100650787354
76.9346923828125 24.5730419158936
76.5949859619141 24.6504993438721
76.253059387207 24.7417240142822
75.9087982177734 24.8460788726807
75.5621109008789 24.9629974365234
75.2128829956055 25.0919628143311
74.8610000610352 25.2325191497803
74.50634765625 25.3842697143555
74.1487808227539 25.5468330383301
73.7881698608398 25.719913482666
73.4243850708008 25.9032306671143
73.057258605957 26.0965557098389
72.6866302490234 26.2996768951416
72.3123321533203 26.5124549865723
71.9341812133789 26.7347412109375
71.5519638061523 26.966459274292
71.1654891967773 27.2075366973877
70.7745056152344 27.457971572876
70.378791809082 27.7177467346191
69.9780654907227 27.9869194030762
69.5720443725586 28.265567779541
69.1604156494141 28.5538101196289
68.7428436279297 28.8518009185791
68.3189544677734 29.159740447998
67.8883285522461 29.4778728485107
67.4505310058594 29.8065013885498
67.0050659179688 30.1459674835205
66.551383972168 30.4966983795166
66.0888519287109 30.8591690063477
65.6168060302734 31.2339515686035
65.1344528198242 31.621711730957
64.6409225463867 32.0232162475586
64.1352005004883 32.4393730163574
63.6161460876465 32.8712272644043
63.0824012756348 33.3200416564941
62.5324096679688 33.7873001098633
61.9642944335938 34.274772644043
61.3758316040039 34.7846221923828
60.7643127441406 35.3194808959961
60.1263732910156 35.8826293945313
59.4577865600586 36.4782409667969
58.7530746459961 37.1117248535156
58.0049438476563 37.7903099060059
57.2033309936523 38.523998260498
56.3336143493652 39.3273620605469
88.2504501342773 61.8506546020508
87.9456558227539 58.0350036621094
87.6406097412109 54.5837249755859
87.3352661132813 51.4788246154785
87.0295867919922 48.6956520080566
86.7235412597656 46.2064437866211
86.4170913696289 43.9828300476074
86.1101837158203 41.9974060058594
85.8027954101563 40.2245941162109
85.4948654174805 38.6410789489746
85.1863632202148 37.2259559631348
84.8772506713867 35.9605903625488
84.5674743652344 34.8285865783691
84.2569961547852 33.8154983520508
83.9457702636719 32.9086608886719
83.6337509155273 32.0969619750977
83.3208847045898 31.3706760406494
83.0071334838867 30.7212677001953
82.6924438476563 30.1412143707275
82.3767623901367 29.6239395141602
82.0600433349609 29.1636161804199
81.7422332763672 28.7551193237305
81.4232711791992 28.393892288208
81.1030960083008 28.0759086608887
80.7816696166992 27.7976112365723
80.4589080810547 27.555778503418
80.134765625 27.3476142883301
79.8091735839844 27.1705436706543
79.4820709228516 27.0223007202148
79.1533737182617 26.9008483886719
78.8230209350586 26.8043727874756
78.4909362792969 26.7312068939209
78.1570358276367 26.679874420166
77.8212509155273 26.649055480957
77.4834823608398 26.6375274658203
77.1436538696289 26.6442031860352
76.8016586303711 26.6681213378906
76.4574127197266 26.7083740234375
76.1108169555664 26.7641830444336
75.7617568969727 26.8348178863525
75.4101181030273 26.9196395874023
75.0557861328125 27.0180492401123
74.6986312866211 27.1295394897461
74.3385238647461 27.2536544799805
73.9753265380859 27.389965057373
73.60888671875 27.5381202697754
73.2390441894531 27.6978034973145
72.8656387329102 27.8687381744385
72.4884796142578 28.0507068634033
72.1073837280273 28.2435054779053
71.7221374511719 28.4469928741455
71.3325271606445 28.6610546112061
70.9383163452148 28.8856163024902
70.5392379760742 29.1206569671631
70.1350173950195 29.366174697876
69.7253646850586 29.6222229003906
69.309928894043 29.888879776001
68.8883743286133 30.1662845611572
68.4603042602539 30.4546241760254
68.0252838134766 30.7541275024414
67.5828323364258 31.0650749206543
67.132438659668 31.3878364562988
66.6735076904297 31.7228126525879
66.2053680419922 32.0705223083496
65.7273025512695 32.4315452575684
65.2384719848633 32.8065757751465
64.737922668457 33.1964378356934
64.2245635986328 33.6020965576172
63.6971282958984 34.0247039794922
63.1541404724121 34.4656028747559
62.5938682556152 34.9264488220215
62.0142288208008 35.4091987609863
61.4127235412598 35.9162750244141
60.7862434387207 36.4506797790527
60.1309356689453 37.016185760498
59.4418487548828 37.6176605224609
58.7124557495117 38.2615585327148
57.9338455200195 38.9566993713379
57.0933494567871 39.7156982421875
56.1717643737793 40.5576820373535
55.1374168395996 41.5142631530762