88.3943 -51.9974
88.1147 -47.2423
85.5874 -21.9338
85.305 -20.275
84.7386 -17.326
84.4548 -16.0057
84.1704 -14.7718
83.8854 -13.6143
83.5999 -12.5245
83.3137 -11.495
83.0269 -10.5192
87.8349 -43.0191
82.4513 -8.70737
81.8726 -7.05187
80.7054 -4.10188
87.5549 -39.2697
79.8201 -2.12814
79.2246 -0.898919
78.9251 -0.30613
78.6244 0.273674
78.3225 0.841519
78.0193 1.39837
77.7147 1.9451
77.4087 2.48249
77.1013 3.01131
87.2747 -35.9346
76.7923 3.53224
76.4818 4.04591
76.1697 4.55293
75.8559 5.05383
74.9037 6.52489
74.5825 7.00623
73.6065 8.42894
73.2767 8.89731
72.61 9.82732
72.2728 10.2896
71.933 10.7505
71.5905 11.2103
71.245 11.6693
70.8966 12.1278
70.545 12.586
86.7136 -30.291
69.8319 13.5031
69.4701 13.9624
69.1046 14.4226
68.7352 14.8841
68.3616 15.3471
67.6016 16.2788
67.2145 16.7481
66.8226 17.2203
86.4326 -27.8894
66.4253 17.6956
65.614 18.6571
65.1993 19.1442
64.778 19.6359
64.3498 20.1329
63.4706 21.1446
62.5578 22.1838
86.1512 -25.7163
62.0871 22.7154
88.3856 -47.4334
88.1045 -42.5724
87.8232 -38.3516
87.5417 -34.6758
86.978 -28.6256
86.6958 -26.1142
86.4132 -23.8727
86.1303 -21.8585
85.8695 -23.74
85.5634 -18.3791
85.2794 -16.8615
84.9948 -15.4645
84.4243 -12.97
84.1383 -11.8473
83.8517 -10.7942
83.5645 -9.80229
83.2767 -8.86469
82.9882 -7.97528
82.4091 -6.32082
82.1185 -5.54731
81.827 -4.80485
81.5347 -4.09039
81.2416 -3.40126
80.9475 -2.73511
80.6525 -2.0898
80.0595 -0.854468
79.7614 -0.261255
79.4623 0.317524
78.8604 1.43655
78.5577 1.97894
77.9483 3.03407
77.6415 3.54843
77.3333 4.05495
77.0236 4.55431
76.7123 5.0471
76.3994 5.53389
76.0849 6.01521
75.7686 6.49156
75.4506 6.96338
75.1306 7.43112
74.4848 8.35595
74.1588 8.81381
73.8306 9.26909
73.1674 10.1733
72.4943 11.0711
72.1539 11.5183
71.8107 11.9649
71.4647 12.411
71.1156 12.8569
70.7634 13.3029
70.408 13.7494
70.0491 14.1965
69.6867 14.6446
69.3206 15.0938
68.9506 15.5446
68.5764 15.9971
68.1981 16.4518
67.8152 16.9088
67.4276 17.3685
67.035 17.8313
66.6372 18.2974
66.2339 18.7673
65.8247 19.2412
64.9874 20.2032
64.5586 20.6921
64.1223 21.1869
63.6782 21.6882
62.7639 22.7127
62.2925 23.2372
61.8106 23.771
88.377 -41.9757
88.0944 -37.1424
87.8116 -33.0529
87.5285 -29.5653
87.2453 -26.563
86.9618 -23.9534
86.678 -21.6631
86.3939 -19.6347
85.8246 -16.1903
85.5394 -14.7091
85.2537 -13.3558
84.9676 -12.1112
84.681 -10.96
84.3939 -9.88919
84.1062 -8.88823
83.818 -7.94816
82.9494 -5.42398
82.6585 -4.66296
82.3669 -3.93488
82.0745 -3.23626
81.7813 -2.56405
81.4872 -1.91561
81.1922 -1.28859
80.5994 -0.0908204
80.3016 0.483394
79.7026 1.58974
79.4015 2.12435
78.7956 3.16175
78.1845 4.1627
77.877 4.65144
77.568 5.13327
77.2576 5.60882
76.632 6.54326
76.3167 7.00317
75.9997 7.45882
75.681 7.91066
75.0378 8.80443
74.7132 9.24711
74.3865 9.68744
74.0577 10.1258
73.7266 10.5624
73.3932 10.9976
73.0573 11.4317
72.7189 11.8649
72.3779 12.2976
72.0341 12.73
71.6874 13.1624
71.3378 13.595
70.985 14.0281
70.629 14.462
70.2696 14.8968
69.9066 15.333
69.54 15.7707
68.7947 16.6517
68.4158 17.0957
68.0324 17.5422
67.2512 18.4447
66.449 19.3616
65.6234 20.296
65.2009 20.7708
64.3347 21.7377
63.89 22.2309
63.4368 22.7314
62.9746 23.2398
62.5026 23.7569
62.02 24.2834
88.3684 -35.503
88.0843 -30.9087
87.7999 -27.1284
87.5154 -23.9712
87.2306 -21.2952
86.9456 -18.9954
86.6603 -16.9933
86.0886 -13.6599
85.8022 -12.2487
85.5155 -10.9691
85.2282 -9.79972
84.9405 -8.72328
84.3636 -6.79634
84.0743 -5.92522
83.7844 -5.10486
83.4939 -4.32878
83.2027 -3.59152
82.9108 -2.88852
82.3249 -1.56993
82.0307 -0.948065
81.7357 -0.347611
81.4398 0.23361
80.8453 1.34596
80.5465 1.88033
80.2468 2.40199
79.9459 2.91218
79.6439 3.41196
79.0364 4.38404
78.7308 4.85801
78.1156 5.78546
77.8059 6.24019
77.4947 6.68969
77.182 7.13444
76.2341 8.44491
75.9146 8.87517
75.5933 9.30277
75.2701 9.72806
74.9449 10.1513
74.6176 10.5729
73.9565 11.4122
73.6225 11.8305
73.286 12.2481
72.9471 12.6655
72.6055 13.0828
71.9139 13.9181
71.5638 14.3367
70.8539 15.1767
70.1306 16.0223
69.3924 16.8755
69.0172 17.3055
68.6379 17.7383
68.254 18.1739
67.4719 19.0554
67.0731 19.5018
66.6688 19.9524
66.2587 20.4076
65.8424 20.8679
65.4195 21.3335
64.9897 21.805
64.5524 22.2828
64.1073 22.7676
63.6537 23.2598
62.2356 24.7883
61.7412 25.3177
88.3617 -29.6905
88.0764 -25.484
87.5052 -19.3067
87.2193 -16.9661
86.9331 -14.9673
86.6465 -13.2339
86.3597 -11.7099
86.0725 -10.3536
85.7849 -9.13364
85.4969 -8.02569
85.2084 -7.01088
84.9195 -6.07415
84.0495 -3.62372
83.7583 -2.89997
83.4665 -2.21269
83.174 -1.55728
82.8808 -0.929899
82.5869 -0.327255
82.2922 0.253493
81.9967 0.814785
81.7003 1.35872
81.403 1.88715
81.1048 2.40167
80.8056 2.9037
80.5054 3.3945
80.2042 3.8752
79.9018 4.34678
79.5983 4.81012
79.2936 5.26603
78.6805 6.15842
78.3719 6.59614
77.4376 7.88191
76.4893 9.13596
76.1697 9.54874
75.8483 9.95946
75.1998 10.7759
74.8726 11.1823
74.5431 11.5877
73.8776 12.3968
73.5413 12.801
73.2024 13.2052
72.861 13.6098
72.5169 14.0149
72.1699 14.4207
71.8201 14.8275
71.4671 15.2355
71.1109 15.645
70.7514 16.0561
70.3884 16.4691
70.0218 16.8842
69.6513 17.3016
69.2767 17.7217
68.5148 18.5708
68.127 19.0003
67.7343 19.4336
67.3364 19.8708
66.524 20.7589
66.1089 21.2103
65.2588 22.1302
64.823 22.5995
64.3794 23.0758
63.9275 23.5596
63.4666 24.0515
62.9962 24.5523
62.5154 25.0627
62.0234 25.5836
61.5192 26.116
88.3497 -17.5288
88.0623 -14.5667
87.7747 -12.2451
87.4869 -10.3619
87.1988 -8.79106
86.6218 -6.28175
86.3328 -5.24778
86.0435 -4.31937
85.1728 -1.9819
84.8817 -1.31042
84.2977 -0.0801419
83.7114 1.03475
83.4173 1.55862
83.1225 2.06397
82.8269 2.55317
82.5306 3.02818
82.2334 3.49071
81.9355 3.94225
81.6366 4.38402
81.036 5.24266
80.7343 5.66132
80.4314 6.07392
80.1275 6.48114
79.8224 6.88358
79.5162 7.28178
79.2087 7.67622
78.5898 8.45562
78.2783 8.84134
77.9653 9.22489
77.3348 9.98667
76.3766 11.1203
76.0536 11.4967
75.7287 11.8729
75.0729 12.625
74.7419 13.0013
74.4086 13.3782
73.7349 14.1341
73.0512 14.8942
72.7053 15.2763
72.3566 15.6599
72.0048 16.0454
71.65 16.4328
71.292 16.8224
70.9305 17.2144
70.5655 17.6089
70.1968 18.0063
69.8242 18.4066
69.4475 18.8102
69.0666 19.2172
68.6811 19.628
68.2909 20.0427
67.8958 20.4618
67.4954 20.8854
67.0894 21.3139
66.6776 21.7477
66.2595 22.1871
65.8349 22.6325
64.9641 23.5432
64.517 24.0095
64.0613 24.4839
63.1218 25.4594
62.6364 25.9621
62.1395 26.476
61.63 27.002
61.1067 27.5415
60.5683 28.0956
88.0478 -2.2842
87.468 -0.738539
87.1778 -0.113494
86.8872 0.449734
86.5964 0.966952
86.3052 1.44909
86.0136 1.90383
85.7216 2.33693
85.4291 2.75258
85.1362 3.15402
84.8427 3.54374
84.2541 4.29565
83.6631 5.01999
83.3666 5.37437
83.0693 5.72464
82.7713 6.07137
82.4725 6.41511
82.1728 6.75634
81.5709 7.43278
81.2685 7.76866
80.9651 8.10338
80.6606 8.43718
80.355 8.77026
80.0484 9.10286
79.7405 9.43517
79.4314 9.76734
79.121 10.0995
78.8092 10.4319
78.1815 11.0979
77.8654 11.4317
77.5477 11.7662
76.9073 12.4379
76.5845 12.7753
76.2599 13.114
75.9333 13.4539
75.6048 13.7953
74.9414 14.4828
74.6063 14.8292
74.269 15.1775
73.9291 15.5278
73.5868 15.8802
73.2418 16.235
72.894 16.5921
72.5434 16.9518
71.833 17.6794
71.1094 18.419
70.7423 18.7937
69.9967 19.554
69.6177 19.9398
69.2344 20.3298
68.8466 20.7242
68.4539 21.1232
68.0562 21.5271
67.6531 21.9362
67.2443 22.3508
66.8296 22.7712
66.4085 23.1977
65.9806 23.6309
65.5456 24.0711
65.1029 24.5189
64.652 24.9747
64.1924 25.4391
63.244 26.3968
62.7537 26.8915
62.2515 27.3981
61.2066 28.4514
60.6612 29.0008
60.0984 29.5675
88.0328 10.3941
87.7408 9.61148
87.4486 9.07121
87.1561 8.6999
86.5701 8.29437
86.2766 8.20796
85.9827 8.17687
85.6884 8.19007
85.3936 8.23929
85.0983 8.31823
84.8025 8.422
84.2091 8.68943
83.9115 8.84757
83.3142 9.20267
82.7139 9.59981
82.1103 10.0306
81.8071 10.2567
81.503 10.4891
80.8917 10.9709
80.5845 11.2195
80.2761 11.4728
79.9666 11.7306
79.6557 11.9926
79.3437 12.2586
79.0302 12.5285
78.7154 12.802
78.3991 13.0792
78.0813 13.3598
77.7619 13.6438
77.4409 13.9312
77.1181 14.2219
76.4672 14.8129
76.1389 15.1132
75.4762 15.7235
75.1416 16.0335
74.8048 16.3467
74.4656 16.6633
74.1239 16.9831
73.7797 17.3064
73.4328 17.6331
73.0831 17.9633
72.7304 18.2972
72.3748 18.6347
71.6538 19.3214
71.2881 19.6707
70.9188 20.0242
70.5457 20.382
70.1686 20.7444
69.0112 21.8602
68.2154 22.6302
67.3977 23.4236
66.9799 23.8299
66.5556 24.2429
66.1243 24.6632
65.6857 25.0911
65.2392 25.5272
64.7843 25.972
64.3204 26.4261
63.8467 26.8902
63.3625 27.365
62.8669 27.8515
62.3589 28.3506
61.8374 28.8634
61.3009 29.3914
60.1767 30.4993
88.0174 22.3057
87.4285 18.5168
87.1337 17.2476
86.8386 16.2533
86.5431 15.4684
85.9509 14.3539
85.6542 13.9655
85.357 13.6623
85.0593 13.4296
84.761 13.256
84.1627 13.0515
83.8626 13.0074
83.2601 13.0109
82.9578 13.0512
82.6546 13.1133
82.3506 13.1947
82.0456 13.2936
81.7397 13.4081
81.1249 13.6785
80.8159 13.832
80.5058 13.9964
80.1945 14.1708
79.5681 14.5468
79.2529 14.7473
78.9363 14.9554
78.6182 15.1707
78.2986 15.3927
77.6547 15.856
77.3301 16.0966
77.0038 16.343
76.6756 16.5949
76.0133 17.1145
75.6791 17.3819
75.3426 17.6544
74.6628 18.214
73.973 18.7928
73.2723 19.3907
72.9176 19.6968
72.5599 20.0077
72.1989 20.3235
71.8345 20.6443
71.4666 20.97
71.095 21.3009
70.34 21.9784
69.9562 22.3253
69.1747 23.0364
68.7766 23.4008
68.3733 23.7716
67.5495 24.5331
67.1284 24.9244
66.7006 25.3232
65.3727 26.5687
64.9135 27.002
64.445 27.4453
63.9664 27.8992
63.4769 28.3647
62.9756 28.8427
61.3891 30.3625
60.8278 30.9026
60.2473 31.4625
59.645 32.0447
59.018 32.6519
88.2979 36.5265
87.7048 29.5948
87.4078 27.1593
87.1106 25.1956
86.813 23.5968
86.5151 22.2847
86.2168 21.2011
85.9181 20.3021
85.6189 19.554
85.3192 18.9308
85.019 18.412
84.7182 17.9814
84.4168 17.6258
84.1147 17.3346
83.812 17.0991
82.8992 16.6609
82.5933 16.5872
81.67 16.5323
81.3603 16.5604
81.0495 16.6082
80.7375 16.674
80.4243 16.7562
80.1099 16.8535
79.7943 16.9648
79.4772 17.0891
78.8389 17.3729
78.5175 17.531
78.1945 17.699
77.8698 17.8764
77.5434 18.0627
77.2152 18.2575
76.8851 18.4603
76.5531 18.6708
76.219 18.8888
75.5444 19.346
74.8606 19.8301
73.8157 20.6042
73.105 21.1511
72.3817 21.7221
72.0151 22.0167
71.6448 22.3174
71.2708 22.6242
70.8928 22.9372
70.5107 23.2564
70.1242 23.5821
69.7331 23.9143
69.3372 24.2531
68.5297 24.9516
68.1176 25.3118
67.6994 25.6794
67.2748 26.055
66.4046 26.8313
65.9581 27.2328
65.5032 27.6439
65.0394 28.0652
64.5659 28.4972
63.5868 29.3966
62.5582 30.3495
61.4703 31.3656
60.8999 31.9013
60.3091 32.4583
59.6951 33.0393
58.3839 34.2869
88.2839 45.443
87.985 41.1886
87.6859 37.6766
86.4862 28.5973
86.1854 27.1486
85.8841 25.9172
85.5824 24.8672
85.2801 23.9694
84.6739 22.5422
84.3698 21.9783
84.0651 21.4964
83.7596 21.0858
83.4534 20.7376
83.1464 20.4445
82.5299 19.9989
82.2202 19.8366
81.9095 19.709
80.6562 19.4846
80.3399 19.4878
80.0223 19.5109
79.7034 19.5523
79.383 19.6107
79.0612 19.6849
78.7379 19.7738
78.0863 19.992
77.0958 20.4089
76.7618 20.5693
76.0875 20.9193
75.747 21.1081
75.4042 21.3056
75.059 21.5116
74.7112 21.7257
74.3608 21.9478
73.6515 22.4151
72.9301 22.9124
72.5645 23.172
72.1953 23.4389
71.8226 23.713
71.446 23.9943
70.6806 24.5787
70.2913 24.8819
69.8973 25.1925
69.4984 25.5108
69.0942 25.8367
68.6845 26.1706
68.269 26.5126
67.4189 27.2222
66.9836 27.5904
66.5407 27.9679
66.0898 28.3554
65.1614 29.162
64.6826 29.5824
63.1772 30.9216
62.6489 31.3975
62.1049 31.8902
61.5437 32.4015
60.9632 32.9332
60.361 33.4879
59.734 34.0686
59.0786 34.6787
58.3899 35.3232
57.6618 36.0081
88.2694 52.3299
87.968 48.0736
87.6663 44.4229
87.3643 41.2955
87.062 38.6144
86.7594 36.3113
86.1529 32.6147
85.5446 29.8433
85.2397 28.7228
84.9341 27.7464
84.3212 26.1511
84.0137 25.5022
83.7054 24.9363
83.0865 24.0162
82.7758 23.6464
82.4641 23.3283
82.1515 23.0566
81.8378 22.8267
81.523 22.6346
80.8901 22.3504
80.2523 22.1809
79.9313 22.1335
79.609 22.1084
79.2852 22.104
78.9599 22.1187
77.9739 22.2659
77.6417 22.3457
77.3076 22.4395
76.9715 22.5464
76.6333 22.6659
76.293 22.7973
75.9504 22.94
75.6054 23.0937
75.258 23.2578
74.908 23.432
74.5553 23.6159
74.1998 23.8093
73.4798 24.2235
72.3753 24.9106
71.9999 25.1567
71.6206 25.4111
71.2373 25.674
70.8495 25.9451
70.4573 26.2247
70.0603 26.5127
69.6581 26.8093
69.2507 27.1146
68.8376 27.4286
67.9929 28.0842
67.5606 28.4261
67.121 28.7779
66.6737 29.1401
65.7535 29.897
65.2793 30.2929
64.7947 30.7014
64.2988 31.1232
63.7906 31.5592
62.7325 32.4788
62.1796 32.965
61.6084 33.4712
61.0166 33.9996
60.4016 34.5528
59.7599 35.1342
59.0873 35.7479
58.3782 36.3996
57.6253 37.0963
56.8185 37.8483
88.2544 57.6683
87.646 49.9965
87.3414 46.8283
87.0364 44.0453
86.7311 41.6022
85.8126 35.911
85.5055 34.4481
85.1977 33.1572
84.8894 32.0167
84.5804 31.008
83.9604 29.3256
83.3373 28.0085
83.0244 27.4626
82.7106 26.9814
82.3959 26.5583
82.0801 26.1878
81.7633 25.8647
81.4454 25.5848
81.1262 25.3442
80.8059 25.1395
80.4842 24.9678
80.1612 24.8263
79.8368 24.7128
79.1835 24.5614
78.8544 24.52
78.5237 24.4994
78.1912 24.4982
77.8568 24.5153
77.1823 24.6
76.8419 24.6658
76.4994 24.7461
75.8073 24.9476
75.4576 25.0675
75.1052 25.1996
74.7502 25.3433
74.3923 25.4983
74.0313 25.6643
73.6673 25.8408
73.3 26.0276
72.9292 26.2246
72.5549 26.4314
72.1767 26.6481
71.7946 26.8743
71.4082 27.1102
71.0175 27.3555
70.6221 27.6104
69.4053 28.4323
68.9885 28.7257
68.5655 29.0291
68.1359 29.3427
67.6994 29.6668
67.2553 30.0018
66.3425 30.7056
65.8725 31.0755
65.3925 31.4583
64.9016 31.8545
64.399 32.2652
63.8834 32.6912
63.3536 33.1337
62.2454 34.0743
59.0784 36.8576
58.3455 37.5193
57.5633 38.2319
56.7191 39.0082
88.2389 61.8622
87.9321 58.0486
87.625 54.5993
87.3176 51.4964
87.0099 48.7153
86.7018 46.2281
86.3933 44.0066
86.0843 42.0232
85.4648 38.6711
85.1542 37.258
84.5311 34.8649
84.2185 33.854
83.9051 32.9493
83.2759 31.4157
82.9599 30.7685
82.643 30.1907
82.325 29.6757
82.006 29.2176
81.6859 28.8114
81.3646 28.4525
80.7183 27.861
80.3931 27.6216
79.7384 27.2413
79.4088 27.0955
78.7446 26.8828
78.4099 26.8122
78.0733 26.7636
77.7348 26.7355
77.3942 26.7268
76.7067 26.7631
76.3595 26.8063
76.0099 26.8651
75.6577 26.9389
75.3029 27.0268
74.5849 27.2433
74.2214 27.3708
73.8547 27.5106
73.4847 27.6623
72.7339 28.0005
71.9677 28.3832
71.5782 28.5909
70.7855 29.0384
70.3818 29.2781
69.9727 29.5285
69.1372 30.0616
68.7101 30.3446
68.2761 30.6388
66.9288 31.5915
66.4626 31.9337
65.9867 32.2891
65.5004 32.6584
64.4926 33.4417
63.9689 33.8577
63.4302 34.2916
62.301 35.2193
61.0876 36.2414
59.764 37.3831
59.0486 38.0109
58.2876 38.6864
57.4699 39.4206
56.5793 40.2297
55.5899 41.1395
54.4555 42.1962