88.3942953092919 -51.9974349943805
88.1146878705913 -47.2422951213448
85.5874428843672 -21.9338347962293
85.3049531059951 -20.275017579439
85.0220330257289 -18.7444935063322
84.7386416624358 -17.3259708690857
84.4547585255496 -16.0056697618056
84.1703562943148 -14.7717910333486
83.8854008177877 -13.6142977212803
83.5998579450243 -12.5245197546992
83.313707185458 -11.4949849070636
83.0269143881451 -10.5192497490189
87.8349096771708 -43.0191484082679
82.7394385719526 -9.59168535122444
82.4512592463143 -8.70736800133272
82.1623422602861 -7.86201260964845
81.8726466327353 -7.05187025629675
81.5821450429066 -6.27356640112612
81.2907965096674 -5.52417943087949
80.9985737122624 -4.8010485601344
80.7054288393701 -4.10188012611616
80.4113277400465 -3.42456253327009
80.1162362633477 -2.76720872849819
87.5549334082752 -39.2696889485014
79.820106597952 -2.12814254078148
79.5229114231042 -1.50583400782989
79.2245892671053 -0.898918692709913
78.9251128092001 -0.306130422493254
78.6244274078781 0.273674299154322
78.3224920820066 0.841519120098042
78.0192590202641 1.39836557617377
77.7146735811402 1.94509753650027
77.4086947835021 2.48248697249392
77.1012611556507 3.01130964419144
87.2747385733383 -35.9345589863224
76.7923180560756 3.53224280750055
76.4818176734552 4.04591398601679
76.1696917059016 4.5529257304579
75.8558855119045 5.05383043234269
75.5403376197646 5.54914078271759
75.2229728974053 6.03933660234543
74.9037298731273 6.52489429689467
74.582533414854 7.00623050788181
74.2593152206973 7.48376358437054
73.9339933283918 7.95787687070697
86.9942978516046 -32.9582666528659
73.6064789454831 8.42893620887844
73.2767037700833 8.89731128285348
72.9445653493603 9.36332481905265
72.60997489086 9.8273191806893
72.2728299417504 10.2896059951272
71.9330280491995 10.7505003048245
71.5904667603754 11.2102932465787
71.2450231318799 11.6692879100174
70.8965810505033 12.1277745781645
70.5450107426586 12.5860460953645
86.7135839223192 -30.2909959661556
70.19017560457 13.0443731078485
69.8319253720838 13.5030527288291
69.4701166112354 13.9623718262355
69.1045853974938 14.4226147066765
68.7351541459502 14.884077629591
68.3616384415072 15.3470500242292
67.9838470388786 15.8118375415397
67.601554541834 16.2787663230374
67.2145355541434 16.7481437272181
66.8225578493875 17.2203044333328
86.432562634538 -27.889423038665
66.4253413898259 17.6956104413875
66.0225993075292 18.1744203362941
65.6140310741903 18.6571251463611
65.1992883501807 19.1441500508408
64.7780023053056 19.6359082761555
64.3497699584259 20.1328847657096
63.9141541774588 20.6355866610211
63.4706495284336 21.144563792288
63.0187164264353 21.6604189236714
62.5577606450388 22.1838060457485
86.1512203278835 -25.7162926056117
62.0871059955534 22.7154457434372
88.3856482902775 -47.4333935585455
88.1045313798531 -42.5723516082435
87.8232368845202 -38.3515852159617
87.5417443137121 -34.6758030027268
87.2600263466738 -31.4586747972644
86.9780488324614 -28.6256439662357
86.6957981106971 -26.114176716128
86.4132332002482 -23.872652187576
86.1303336105484 -21.8585131817454
85.8695228514116 -23.7400269966492
85.8470788510313 -20.0368813395544
85.563427940564 -18.3790869435361
85.2793535583914 -16.861490710271
84.994842044136 -15.4645241488615
84.7098455864761 -14.1719186033715
84.4243436948454 -12.9699769839463
84.1383158786775 -11.8472945828453
83.8517143266508 -10.7941511876397
83.5645117180102 -9.80229166139725
83.2766875621892 -8.86468859362139
82.9882008780551 -7.97527592288861
82.6990243448527 -7.12882727411034
82.4091169814492 -6.32081722032308
82.1184514670895 -5.54731285344133
81.8269936508295 -4.80484913331202
81.5347025515366 -4.09038918724218
81.2415508484555 -3.40126475929037
80.9474907302647 -2.73510556050132
80.6524880460202 -2.08979978187699
80.3565018145891 -1.46348630369243
80.0594978850277 -0.854467877392949
79.7614284460142 -0.261254934851877
79.4622593466047 0.317523524248827
79.1619427754777 0.88308551467037
78.8604240911227 1.43655028024068
78.5576691425958 1.97893792032846
78.2536301185755 2.51116971000829
77.9482523775514 3.03406761981296
77.6414812780131 3.54843056838808
77.3332758388278 4.05495203333976
77.0235745882965 4.55431396633048
76.7123160547198 5.04709501241723
76.3994455965876 5.53389324000636
76.0849085723894 6.01521408306871
75.7686298500485 6.49155657227311
75.4505547880544 6.96337662272163
75.1306014241418 7.43111734291233
74.8087082866114 7.89517403002174
74.4848002433864 8.35594625009435
74.1587953322014 8.81381137106109
73.8306184209796 9.26909211934253
73.5001738870778 9.7221496411712
73.1673729380418 10.1732947101373
72.832133611606 10.6228372460573
72.4943466247496 11.0710888762951
72.1539095246408 11.5183287848176
71.8107198584476 11.9648660376679
71.4646546827717 12.4109576206993
71.1155910542147 12.8568912556148
70.7634060293785 13.3029495414758
70.4079630044871 13.7493886103621
70.049111715387 14.1965013066183
69.6867087281134 14.6445531538338
69.3205832879466 15.0938173595605
68.9505578099779 15.5445859143692
68.5764478791098 15.9971337333591
68.198062250056 16.4517732976674
67.8151891869638 16.9087914752236
67.4275828030368 17.3685178226369
67.0350108718558 17.8312784814225
66.6371933556802 18.2974047157368
66.2338638771471 18.7672704784163
65.8246877570054 19.2412480147505
65.4093371461931 19.7197556738029
64.9874295541376 20.2032203423732
64.5585756600776 20.6921081808468
64.122311011175 21.1869212081001
63.6781506640255 21.688209254331
63.2255413733365 22.1965733761535
62.7638820824941 22.7126675641448
62.2924897726189 23.2372158183171
61.8106062927545 23.7710223934009
88.3770081014518 -41.9757312019065
88.094374889115 -37.1423720067905
87.8115640918695 -33.0529228242813
87.5285483889602 -29.565257670838
87.2453004596318 -26.5629918369414
86.9617929831293 -23.9533645285665
86.6779986386973 -21.6631424614534
86.3938901055808 -19.6346942100972
86.1094400630245 -17.822424849197
85.8246143600845 -16.1902521988959
85.5393856760056 -14.7091445417209
85.2537335202214 -13.3557784904842
84.967623741788 -12.111240398639
84.6810221897613 -10.959960850827
84.3939015433862 -9.88918788456795
84.1062344819075 -8.88822883930334
83.8179868543812 -7.94815836582529
83.5291245098633 -7.06152899702647
83.2396201275988 -6.22195450638355
82.9494395566435 -5.42397842682294
82.6585486460535 -4.66296391392643
82.3669132448849 -3.93488414451258
82.0744923720049 -3.23625871050353
81.7812587066583 -2.56404604345153
81.4871780979011 -1.91560883670809
81.1922027344117 -1.28859174235595
80.8962984652462 -0.680923665725572
80.5994311394606 -0.0908203734067143
80.3015529457334 0.483394072165879
80.0026229029318 1.04314079715869
79.7026068601117 1.58973700748288
79.4014501757629 2.12434623647187
79.0991118687525 2.64803431374276
78.7955509579479 3.16174561961816
78.4907128018385 3.66637533571702
78.184549589103 4.16269655403357
77.8770066782308 4.65143882410848
77.5680362579005 5.13327363887765
77.2575768564129 5.60881955731384
76.9455806624464 6.07863622801142
76.6319862043019 6.54326152833801
76.3167251800915 7.00316631443366
75.9997429483046 7.45882400375922
75.6809643768647 7.91065977556718
75.3603279940726 8.35906508505286
75.0377586678514 8.80442583788317
74.7131812661246 9.24711257180024
74.3865206568153 9.68744374435664
74.0576880474691 10.1257685489545
73.7266014758206 10.5623798299384
73.3931789796043 10.9975857995778
73.0573112757993 11.431681863538
72.7189164021402 11.8649369605027
72.3778714152286 12.2976336895335
72.0340806924214 12.730035012899
71.6874281205091 13.1624090155092
71.3377839259047 13.59502036718
70.9850183350209 14.0281217848969
70.6290084044595 14.4619753771549
70.2695970398781 14.8968415449017
69.9066339771234 15.3329764202172
69.5399552916642 15.7706515031059
69.1693833985919 16.2101348784781
68.7947338828089 16.6517082916216
68.4158086688403 17.0956500727298
68.0323960208334 17.5422453821848
67.6442637123691 17.9918169464072
67.2511590264621 18.4446840767232
66.8528224159381 18.9011694995534
66.4489533524902 19.3616335073566
66.0392513078114 19.8264466378751
65.623367942273 20.2960187024364
65.2009275954915 20.7707663425572
64.7715272863279 21.251159133717
64.3347093921329 21.7376871419619
63.8899889695022 22.23090019749
63.4368059429544 22.7313856965375
62.9745524256869 23.2398078749648
62.5025522290089 23.7568873176897
62.0200267113978 24.2834265718957
61.5261152690655 24.8203272225037
88.3683952333813 -35.5030310733491
88.0842593795096 -30.9087011653028
87.7999459407292 -27.1283692521829
87.5154139359074 -23.9711691232078
87.2306428744778 -21.2952292193695
86.9456122658739 -18.9954141520939
86.6602811289631 -16.993318476656
86.3746289731789 -15.229808126016
86.0886284777662 -13.6598559343165
85.8022454917809 -12.2487013632326
85.515452694468 -10.9691483085298
85.2282227650721 -9.79972436418393
84.9405215526494 -8.72327977990426
84.6523149062559 -7.72590060734183
84.3635823353252 -6.79634051375888
84.0742828587245 -5.92522207682669
83.7843959858874 -5.10485621150929
83.4938739054924 -4.32878070543302
83.202696126973 -3.59152201605229
82.9108216691966 -2.88852035201626
82.6182232114079 -2.21578325453083
82.3248529422854 -1.56992508438771
82.0306903712626 -0.948064675854084
81.7356808568293 -0.347610959457995
81.439803908419 0.233610225951793
81.1430117147102 0.797557677136069
80.8452701247588 1.34596266019139
80.5465313272434 1.88033411323295
80.24676117122 2.40199042278073
79.9459050151781 2.91217905878511
79.6439355383627 3.41195635263193
79.3407912690745 3.90227511565809
79.0364380563697 4.38403650589771
78.7308212587377 4.85800934647705
78.4238930648571 5.32493087089915
78.1155988332175 5.78546318059034
77.8058839223086 6.24019196423978
77.4947005208087 6.68968711572506
77.1819871570187 7.13444254307342
76.8676891894283 7.57494575101009
76.5517383161496 8.01162960274996
76.2340730654832 8.44491202046993
75.9146319657302 8.87517464096891
75.593333054625 9.30277092651704
75.2701216906571 9.72805860825247
74.9449090813723 10.151336506935
74.6176269248826 10.5729358867211
74.288179598545 10.9931316627099
73.9564988004713 11.4122235094346
73.622475247641 11.8304735353904
73.2860338079772 12.2481455566194
72.9470651984593 12.6654991202959
72.6054601360665 13.0827792594428
72.2611229981558 13.5002446674607
71.9139240111399 13.9181258632216
71.5637538919982 14.3366772712579
71.210469206766 14.7561259953472
70.853947012045 15.1767204836069
70.4940302134928 15.5987083303808
70.1305753771449 16.0223251771822
69.7634117482812 16.4478288636383
69.3923617419932 16.8754755218288
69.0172477733722 17.3055195762863
68.6378581065655 17.7382513100347
68.2539878359094 18.1739439306257
67.8654115651734 18.6128860135359
67.4718629169947 19.0553883323555
67.0730891743879 19.5017855663355
66.6687966392346 19.9524175173683
66.2586642926617 20.407644477913
65.8423574554181 20.8678608913724
65.4195004671201 21.3334936445463
64.9896766862512 21.8049884072534
64.5524421505397 22.2828437832759
64.1072982562036 22.7675908197925
63.6536917579506 23.2598203281341
63.1910147689778 23.7601794686889
62.7185706100281 24.2694007792052
62.2355942999566 24.7882765615832
61.7412184047862 25.3177135233855
61.2344388867641 25.8587293627425
88.3617221389286 -29.6905028427718
88.076418322773 -25.4840234979019
87.790923261331 -22.0955173178372
87.5052164640365 -19.3066812234065
87.2192706101341 -16.9661104195911
86.9330515486799 -14.9673444611908
86.6465319589188 -13.2339040167208
86.3596845200955 -11.7098635003276
86.072475081266 -10.3535971801739
85.7848831518641 -9.13364093780183
85.4968745809456 -8.02568869261086
85.2084152175667 -7.010880158904
84.9194777409721 -6.07415220906751
84.6300280002179 -5.20357933346531
84.3400386745489 -4.38939777721498
84.0494756130211 -3.62372336801309
83.7583114948793 -2.89997180386126
83.466498508802 -2.2126910999973
83.1740229944116 -1.55727621506958
82.8808303101978 -0.929898828258501
82.5868999655941 -0.327255342662568
82.2921841492789 0.253493199018692
81.9966555404972 0.81478474729829
81.700273158116 1.35872369401613
81.4029960210028 1.88715064165035
81.1047899782134 2.40166919046396
80.8056140486151 2.90369639118853
80.5054204208864 3.39450479337393
80.2041681138944 3.87520110104833
79.9018161465065 4.34677825290782
79.598316707401 4.81011520887296
79.2936288154451 5.26603159159913
78.9876978291286 5.71524499779662
78.6804759371298 6.15842094398613
78.3719084979384 6.59614298442284
78.0619545304216 7.02897930543713
77.7505457326915 7.45740844713146
77.4376342934265 7.88191236470266
77.1231519107387 8.30291495674282
76.8070507733064 8.72081152042847
76.489255749053 9.13596490953933
76.169712196468 9.54874395427032
75.848338153286 9.95946198953243
75.5250721478078 10.3684297889158
75.1998322177678 10.7759282439347
74.8725500612782 11.1822570291224
74.5431368858845 11.5876663001436
74.2115038991324 11.9924360947389
73.8775759689452 12.3967858327233
73.5412506424909 12.8009750612709
73.2024322971265 13.2052342992538
72.8610116498312 13.6097906504492
72.5168862477731 14.0148746337291
72.1699399777426 14.4207124990971
71.8200567265303 14.8275322041045
71.4670998903603 15.2355488996982
71.1109396956454 15.6449896896556
70.7514327084209 16.0560833853015
70.3884286645334 16.4690673356963
70.0217636394518 16.8841754748064
69.6512600482674 17.3016383215036
69.2767403060716 17.7217290833396
68.8980063373892 18.1446885244695
68.5148395761789 18.5707932675396
68.127028286588 19.0003148125543
67.7343129214423 19.4335656406511
67.3364407637564 19.8708479876841
66.9331181154121 20.3124965329043
66.5240444481024 20.7588647385819
66.1088714221987 21.2103299726477
65.6872438678838 21.6673020464295
65.2587519738299 22.1302095542742
64.8229586079542 22.5995391471333
64.3793719966634 23.0758133344498
63.9274593852315 23.5595956067991
63.4666128868557 24.0515211717393
62.996169973223 24.5522884160746
62.5153656631883 25.0626811039692
62.0233598435298 25.583573499589
61.5191826274386 26.1159611029507
61.0017206941411 26.6609657725639
88.3497214972158 -17.5287950329002
88.0623208131001 -14.5667282751565
87.7747220535093 -12.2450540424161
87.4869047278771 -10.361927449183
87.1988346852595 -8.79105574331697
86.9104846049013 -7.44970314039711
86.6218271660473 -6.28174555220812
86.3328282177536 -5.24777961959171
86.0434604392649 -4.31937041282072
85.7536896796373 -3.47552129120913
85.4634886181157 -2.70041204340396
85.1728231037559 -1.98190072816169
84.881665815803 -1.31041675687675
84.589975773124 -0.678515757371088
84.2977256549639 -0.0801418601434989
84.0048881405673 0.489631902165456
83.7114222488017 1.03475151104954
83.4172869985341 1.55861824044609
83.1224618991982 2.06396694063733
82.8268991394725 2.5531670468049
82.5305713986018 3.02818405249627
82.2334308652644 3.4907073622212
81.9354502187052 3.94224751492038
81.6365816476027 4.38402412618052
81.3367841708241 4.81718231984178
81.0360236374254 5.24265655110867
80.734252236085 5.66131980348655
80.4314289856702 6.07391998264848
80.1275129050482 6.48114266879475
79.8224493527086 6.88357611193533
79.5161973475188 7.28177868000421
79.2087022479682 7.67622122914145
78.8999162427353 8.0673665046379
78.5897915204987 8.45561663385888
78.2782734397479 8.84134044699931
77.9653005287837 9.22488713746134
77.6508181460958 9.60655894109914
77.3347648199851 9.98667004659728
77.0170859089412 10.3654979303756
76.6977062808874 10.7432825028154
76.3765644641244 11.1202867261854
76.0535921567644 11.4967377042631
75.7287142267305 11.8728557106369
75.4018555419461 12.2488584575749
75.0729341401457 12.6249551196088
74.7418680590636 13.0013258429681
74.4085753364343 13.3781849248262
74.0729603496147 13.7557184878278
73.7349343061505 14.1341058244288
73.394387923021 14.5135433025571
73.0512187473942 14.8941999693852
72.7053174962493 15.2762773154827
72.356568056377 15.6599495106639
72.0048474843788 16.0454060926677
71.650019176479 16.4328383067805
71.2919533590903 16.8224408133829
70.9304929378704 17.2144099804027
70.5654944788548 17.6089490059567
70.1967872273235 18.006283286275
69.8241867681791 18.4066160194743
69.4475155165128 18.8101794319737
69.0665617364721 19.2172177030225
68.6811136922042 19.6279784269645
68.2909323271015 20.0427399339933
67.8957717543672 20.4617805543021
67.4953587664495 20.8853939860091
67.0893996652303 21.313911493271
66.6775734318362 21.7476745855274
66.2595248964499 22.1870657533509
65.8348852288764 22.63247602505
65.4032241272216 23.0843596081795
64.9640976292139 23.543184370672
64.5169798103161 24.0094881898949
64.0613242554246 24.483851631896
63.5964957569813 24.9669167344218
63.1217908055405 25.4594023748432
62.6364170992019 25.9621196380795
62.1394798832334 26.4759888920707
61.6299546293158 27.0020414953251
61.1066665449762 27.5414641931457
60.5682632528333 28.0956315610274
88.3373656856857 -3.30715201477096
88.0477998317219 -2.28420125569028
87.7580359022832 -1.44944311536483
87.4680397464253 -0.738538656088735
87.1777840433933 -0.113494165617311
86.8872414724319 0.449734368175655
86.5963778825972 0.966951855419438
86.3051659531338 1.44908730521729
86.0135647029092 1.90382761481033
85.7215536413569 2.33693095351782
85.4290917873441 2.75257504900492
85.1361518201156 3.15401982231742
84.8426995887276 3.54373524047833
84.5487009422359 3.92376075517313
84.2541217296966 4.29564788647531
83.9589278001658 4.6606920223785
83.6630850026995 5.0199877006371
83.3665523561649 5.37437290003891
83.0693025398068 5.72463864182373
82.7712877423037 6.07136976090715
82.4724806429003 6.41511011107195
82.1728334302752 6.7563369517602
81.8723051232955 7.09543789618601
81.5708615710173 7.43277537124231
81.2684617923078 7.76865758919848
80.9650511456566 8.1033820901539
80.6605954801198 8.4371751241124
80.3550469843758 8.77025867220982
80.048357847103 9.10286496086519
79.7404802569799 9.43517157498718
79.4313664026849 9.76734414665407
79.1209616427077 10.0995363551137
78.8092113355378 10.4319334692373
78.4960676698538 10.7646609937437
78.1814691739564 11.0978589475035
77.8653543761466 11.4316528352356
77.5476618047251 11.7661826758103
77.2283436483704 12.1015492145125
76.9073111146281 12.4379018617219
76.5845163921767 12.775320872157
76.2598775187507 13.1139522411031
75.9333193622733 13.4539061053547
75.6047667906678 13.7952874790644
75.2741446718574 14.1382193056306
74.9413573831989 14.4828142831684
74.6063297926157 14.8291936475289
74.2689526170871 15.1774718043744
73.9291438943474 15.527769989556
73.5868011715647 15.8802265143968
73.2418015053408 16.2349523694647
72.8940424428438 16.5920961113661
72.543407870864 16.9517892212352
72.1897611856257 17.3141751330368
71.8329794437304 17.6794058184714
71.4729123810248 18.0476298341455
71.1094165635441 18.419019642326
70.7423212365684 18.7937477052801
70.3714693057555 19.1719933154636
69.996669525819 19.5539545483516
69.6177306514728 19.9398328945135
69.2344409468642 20.3298469199908
68.8465818459517 20.7242322662969
68.4539142921276 21.1232416504172
68.0561719080288 21.5271363270731
67.6530746559147 21.9362014566468
67.2443151772895 22.3507665957477
66.82957245328 22.7711510557019
66.4084776536911 23.1977339119876
65.9806346275727 23.6309198532908
65.5456130730308 24.0711374739585
65.102928046661 24.5188836702255
64.6520467937371 24.9746877817233
64.1923955784005 25.43914232733
63.7232982119604 25.9129200806419
63.2440170340269 26.3967569945016
62.7537324219447 26.8914931821309
62.2514813190937 27.3980763322252
61.7361845556443 27.9176146429163
61.2065785466693 28.4513529161122
60.6612221223331 29.0007528122151
60.0983940750593 29.5675184633292
88.3246342137718 11.5411219786001
88.0328417182609 10.394051534633
87.7408374868974 9.61148350722033
87.4486010291148 9.0712061820268
87.1560913637804 8.699904312527
86.8632880003279 8.4512188460485
86.5701431274356 8.29436953678669
86.2766430847259 8.20796337966203
85.9827400608774 8.17686809139923
85.6884135653236 8.19006657747195
85.3936226169317 8.23929260189107
85.0983330647578 8.3182290937948
84.8025107578578 8.42199929838353
84.5061283754767 8.54673391370488
84.2091381062928 8.68942851046268
83.911512629551 8.84756701785955
83.6132177943073 9.01921222359852
83.3142057892401 9.20266682576403
83.0144492935942 9.39656905546508
82.7139004960482 9.59980986079609
82.4125184154691 9.81143216155215
82.1102757311019 10.0306163350779
81.8071178014361 10.2566904615505
81.503003645339 10.4890722673754
81.1978922816779 10.7272836393367
80.89174272932 10.9708754925214
80.5845003467548 11.2194926571119
80.2761173226609 11.4728106991406
79.9665526759054 11.7305845855844
79.6557449347893 11.9925889202132
79.3436531181796 12.258588915287
79.0302157543774 12.5284582123131
78.715385032061 12.802019226383
78.3990858191537 13.079168650891
78.0812771345227 13.3598159858357
77.76189067628 13.643845971781
77.4408581425378 13.931222750236
77.118111231408 14.2218874108221
76.7935884711915 14.5157921422178
76.4672147298115 14.8129173076304
76.1389080450026 15.113247539135
75.808593284688 15.4167879593733
75.476188486602 15.723536860798
75.1416116884793 16.0335147339756
74.8047672676767 16.3467420694724
74.4655596015509 16.6632632635155
74.123893067459 16.9831261274267
73.7796583823801 17.3063750574329
73.4327530934825 17.6330834780638
73.0830542573676 17.9633231063017
72.7304389306373 18.2971690742233
72.3747841698932 18.6347221271135
72.0159465411707 18.9760813027096
71.653782610505 19.3213627142213
71.2881352835539 19.6706893050468
70.918847465975 20.0241993865093
70.5457415728597 20.3820346850262
70.1686263589218 20.7443710779589
69.7873037486861 21.1113724898387
69.4015620063001 21.4832387036877
69.0111552449671 21.8601848704529
68.6158580684569 22.2424329712703
68.2153836088401 22.6302408457668
67.809451828376 23.0238782863998
67.3977348780027 23.4236441139292
66.979898078469 23.8298730076058
66.5555589392025 24.2429269674358
66.1243144790642 24.6631987292749
65.6857002452161 25.091133962942
65.239224464065 25.5272210269359
64.7843270601297 25.9720029212658
64.3203864862298 26.4260858251873
63.8467128932971 26.8901595877687
63.3625276398088 27.3649943127966
62.8669359710329 27.8514591417952
62.3589406794054 28.3505581125173
61.8373874630197 28.8634352815861
61.3009171143058 29.3914361961943
60.7479723502183 29.9361130167454
60.1767090197827 30.4993098942141
59.5849073116406 31.0832261493924
88.311499760719 25.1870042004157
88.0174054915842 22.3057215006447
87.7230994865968 20.155535379301
87.4285407646239 18.5168108703983
87.1337088350992 17.2476473866263
86.8385695470788 16.2532931339265
86.5430819194298 15.4683866206251
86.2472186313971 14.8464996383882
85.9509387018479 14.3538859319269
85.6542216402158 13.9654949300621
85.3570196351793 13.6622806513387
85.0592985357944 13.4296281992829
84.7610310213058 13.2560372435109
84.4621761105809 13.1324526612279
84.1626996526757 13.0515456598569
83.8625606664573 13.007425201562
83.561718170793 12.9952111164494
83.2601448449277 13.0109171355834
82.957786047351 13.0512126881531
82.6546076271188 13.1132717835444
82.3505686030985 13.1947311764343
82.0456279941573 13.2935879139586
81.7397448191623 13.4081207885411
81.4328644366033 13.5368707011003
81.1249390351586 13.6785373544444
80.8159412940731 13.8320168193095
80.5057960812701 13.9963742136042
80.1944760759943 14.1707745467484
79.8819129763579 14.3544630828801
79.5680658012279 14.5468285201023
79.2528730789054 14.7472996838769
78.9362801678799 14.955386508158
78.6182187662635 15.170655275957
78.2986410627345 15.392728619343
77.9774787554052 15.6212786892538
77.6546703725762 15.8559981271937
77.3301339519821 16.0966495841021
77.0038080219238 16.3429905882767
76.6756242805131 16.5948572151865
76.345493935296 16.8520496818091
76.0133418541955 17.1144569975768
75.6790860749461 17.3819288983359
75.3426309749048 17.6543987897458
75.0038945918059 17.931769341616
74.6627676426288 18.2139893275307
74.319161334919 18.5010058135267
73.9729595554672 18.7927914788488
73.6240530212526 19.0893480310442
73.2723187888769 19.3906771776601
72.9176339149417 19.6967891639797
72.55986862586 20.007718140947
72.198879487667 20.3235272878082
71.8345162362093 20.6442644158851
71.4666217771446 20.9700200251791
71.095025355753 21.3008829081446
70.7195425569371 21.6369725930854
70.3399889655993 21.9784051932111
69.9561528458871 22.3253309726751
69.567815631759 22.6779223937447
69.1747314364184 23.0363536262339
68.7766475428798 23.4008415286371
68.3732907435915 23.7716097896373
67.9643468498689 24.1489196639559
67.5494880126498 24.5330699723527
67.1283658923057 24.9243578280402
66.7005843378865 25.3231503536663
66.2657130474981 25.7298402850865
65.8232739079249 26.1448698770255
65.3727409946296 26.5687377332652
64.9135337415646 27.0019902689091
64.4450032807945 27.4452541537794
63.9664051217405 27.8992414350578
63.4769196417474 28.3647461221917
62.9756042747613 28.8426954133101
62.4613798509527 29.3341274971099
61.9330169363384 29.840271807574
61.3890607007052 30.362549023972
60.827810427043 30.9026427878416
60.247264870035 31.4625440992168
59.6449788220925 32.0446605996476
59.0180153020337 32.6519395155992
88.297941835961 36.5265143737124
88.0014706611255 32.6491562136653
87.7047809202486 29.5947811619044
87.4078384623863 27.1592980545938
87.1106023064058 25.1955777949006
86.8130451315519 23.5968235508262
86.5151327868807 22.2847255002889
86.2168242912594 21.2011399536241
85.9180923239328 20.3020787874448
85.6189027339569 19.5539955294844
85.3192077100102 18.9308108113764
85.0189799313375 18.4120374818303
84.718178416806 17.9813804179284
84.4167690154718 17.6257956666195
84.114710746202 17.3346195956474
83.8119694580528 17.0991420067512
83.5084973397024 16.9122116922626
83.2042602402071 16.7677856426453
82.8992103482451 16.6608778200789
82.5933066826838 16.5872227716609
82.2865082623903 16.5432278180851
81.9787672760431 16.5257920536387
81.6700427425094 16.5323012235604
81.3602868504677 16.5604467240373
81.0494517885963 16.6082426776775
80.7374760851962 16.6740088580373
80.4243255893234 16.7561948122602
80.1099388292787 16.8535130497585
79.7942611635517 16.9648024384369
79.4772379506321 17.0890606480898
79.1588077188208 17.2253451126635
78.8389158266073 17.3728976812017
78.5174939721037 17.5309977687866
78.1944806836109 17.6990357810682
77.8698144894297 17.8764499350182
77.5434134272946 18.0627416268544
77.2152160255064 18.25748226223
76.8851403217996 18.4602944732142
76.5531111840974 18.6708247975366
76.2190398199455 18.8887897823624
75.8828442670783 19.1139042673094
75.5444357330416 19.3459599316193
75.2037117650034 19.5847382092506
74.8605835705093 19.8300871285028
74.5149418665387 20.0818495950334
74.1666773700708 20.339918033369
73.8156739678961 20.6041865755833
73.4618155468052 20.8745766745051
73.1049586728332 21.1510558867376
72.7449804025819 21.4335798160537
72.3817304718978 21.7221348020757
72.0150586166274 22.0167362127286
71.6447940820508 22.3174028310314
71.2707661134482 22.624202958872
70.8927902957221 22.9371809924778
70.5106685533974 23.2564445073222
70.1241823204327 23.5820993713314
69.733099370409 23.9142770656399
69.3371806467185 24.2531329770427
68.9361529418093 24.5988498130901
68.529729387752 24.951642724729
68.1175957958621 25.3117507685674
67.6994106566999 25.6794369068739
67.2747914796928 26.0550204509746
66.8433352837019 26.438841202762
66.4045912762667 26.8312936056391
65.9580608536053 27.2328216218775
65.5031839402363 27.6439221477121
65.0393526493572 28.0651672114545
64.5658771318995 28.4971920206626
64.0819719161518 28.9407359432735
63.5867559077597 29.3966339698673
63.0792318991589 29.8658542797057
62.5582387582544 30.3495170237511
62.0224445982312 30.8489131076858
61.4702784756664 31.3655759088942
60.8998962395854 31.9013222575959
60.3090780786297 32.4583412292995
59.6951465587917 33.0392829372577
59.0547958686948 33.647419041903
58.3838664233626 34.2868783923623
88.2839331187424 45.4430048267022
87.9850099061296 41.1886270753603
87.6858544670977 37.6765952233909
87.3864394808916 34.7658248910448
87.0867171361897 32.340718548061
86.7866669424257 30.3088774004209
86.4862410882779 28.5973174657556
86.1854122529912 27.1486139317713
85.8841394554329 25.9172435901492
85.5823885446589 24.8671567044294
85.2801117093477 23.9693898590267
84.9772884589329 23.200718704491
84.6738641519041 22.5421997121994
84.3698114675062 21.9783454290591
84.0650757642288 21.4964090152316
83.7596297213167 21.0858002629902
83.4534323576372 20.7376450495431
83.1464290316799 20.4444950540092
82.8385855925007 20.2000630876028
82.5298542287783 19.9989498860814
82.2201871291909 19.8365638550276
81.9095433126058 19.7089708056956
81.5978681375127 19.6127436908573
81.2851206227788 19.5449506519726
80.9712392967049 19.5029859720162
80.6561831781582 19.4846076415161
80.3398839652509 19.4878229528913
80.0223006768501 19.5109158212072
79.7033718412567 19.5523477464376
79.3830291565828 19.610747568182
79.0612248115067 19.6849251260428
78.7378836739517 19.7738080803792
78.4129442722187 19.8764419123072
78.0863383044198 19.9919933387937
77.7579974686669 20.1196956711465
77.4278398026945 20.2588727206748
77.0957901744259 20.4089370911424
76.7617666215956 20.569337244804
76.4256940121268 20.73960360618
76.0874698931875 20.9193161186595
75.7470123025123 21.1080974143115
75.404225617458 21.3056008610547
75.0590005550039 21.5115515437901
74.711234662318 21.7256796700603
74.3608049960021 21.9477752115599
74.0076091032242 22.1776349701722
73.6515103802085 22.4151086817437
73.2923790533678 22.6600648651402
72.9300785189262 22.9124010675296
72.5644516825414 23.172031911552
72.19534828006 23.4389147085276
71.8225907265733 23.7130050622291
71.4460082673613 23.994316633034
71.0653959967603 24.2828716190561
70.6805626694841 24.5786973410504
70.2912692289246 24.881887714113
69.8972971090407 25.192531530698
69.4983731022803 25.5107602719399
69.0942240010918 25.8367259095394
68.6845492771681 26.1706111510466
68.2690210814471 26.5126379775975
67.8472842441115 26.8630693514606
67.4189426142111 27.2221904330181
66.9835590596631 27.5903546845402
66.5406759578182 27.9679343513162
66.0897537237615 28.3553853484482
65.6302186216344 28.7532096948125
65.1614149533125 29.1619964941929
64.6825982282171 29.5824082749023
64.1929488236929 30.015203187897
63.691524173686 30.4612691577204
63.1772451083671 30.9216238825029
62.6488617031864 31.3974626452837
62.1049259581196 31.8901890498601
61.543723495779 32.4014525868261
60.9632325802813 32.9332374260266
60.3610011738492 33.4879477939176
59.7340239934128 34.0685514075303
59.0785785860789 34.6787297386254
58.3899043102574 35.3231956174714
57.6617993545224 36.00811670455
88.2694394581195 52.3298773585047
87.9679822454636 48.0736315505274
87.6662791460112 44.4228512433765
87.364302839007 41.2954990394355
87.0620123433182 38.6143698996602
86.7593803381897 36.3112780493102
86.4563590122998 34.3277809779611
86.1529073845159 32.6147184017609
85.8490049642714 31.1312184709604
85.5445971100562 29.8433009963046
85.239656501115 28.7228187697692
84.9341284959373 27.7464159607698
84.6279857737682 26.8946026255799
84.3211873534747 26.1510682733569
84.0136854237353 25.5021747246246
83.7054321732285 24.936349932017
83.3963934510102 24.4438011123493
83.0865282759478 24.0161834824612
82.775775176342 23.6464055988363
82.4641000012489 23.3282827255207
82.1514549393469 23.0565761077087
81.8377853491256 22.8266685377748
81.5230365890748 22.6345831382932
81.2071676780615 22.4768296827897
80.8901239745755 22.3503926429112
80.5718440069177 22.2525467733285
80.2522663033888 22.1809476117378
79.931349882856 22.1335307335758
79.6090127830539 22.108411006735
79.2852071926609 22.1039594311878
78.959864809789 22.1187143465322
78.6329105023615 22.1513763093499
78.3042827986792 22.2007619894321
77.9739065666654 22.2658519811012
77.6416998440545 22.3457139635866
77.3075943289587 22.4394873331003
76.9714943987346 22.5464429669883
76.6333249213058 22.6659029690127
76.2929834438401 22.7972833580316
75.950388004072 22.9400291812053
75.6054293189809 23.0936640328655
75.2580049357348 23.257766148854
74.908005571313 23.4319615763343
74.5553151125059 23.6159088058666
74.1998106159153 23.8093175544273
73.8413691381429 24.0119351050307
73.4798472452239 24.2235445991828
73.1151015031937 24.4439564991444
72.74697481771 24.6730307860453
72.3753100944305 24.9106445164871
71.9999297484464 25.1566986527323
71.6206425344717 25.4111487985538
71.2372503770312 25.6739659256491
70.849548370461 25.9451432038295
70.4572974581533 26.2247113689446
70.0602517533116 26.512737015335
69.658138048384 26.8093089354552
69.2506763056299 27.1145569028922
68.8375523363648 27.4286414270828
68.4184109707712 27.7517571684075
67.9928833786544 28.084150013663
67.5605597486865 28.4260948779483
67.1209824582184 28.7779349782504
66.6736597336567 29.1400545126889
66.2180246693315 29.5128940284412
65.7534693784401 29.8969760349501
65.2792835213477 30.2929050039238
64.7947021169093 30.7013673693364
64.2988167500152 31.1231759236543
63.7906302131014 31.5592459121763
63.2689745438838 32.0106872405813
62.7324837046035 32.4787634937966
62.1795799216488 32.9650012190177
61.6083848931012 33.4712172464642
61.0166446566582 33.9995904063617
60.401620306613 34.5528015478121
59.7599308995123 35.1341803878531
59.0873075673589 35.74794798316
58.3782178572292 36.3995718998631
57.6253329765459 37.0963365343123
56.8185100949486 37.8483437357354
88.2544403635256 57.6683495055768
87.950346697995 53.5959348139222
87.6460071456677 49.9965141114153
87.341380725411 46.8282900577251
87.0364264560922 44.0452988973557
86.731117016956 41.6022120823691
86.4253977664921 39.4567165931803
86.1192413839453 37.5708195046172
85.8126068881829 35.9109845896965
85.5054532980721 34.4481289045289
85.1977328022913 33.1572232222752
84.8894112498965 32.0166739010601
84.580447659755 31.0080428462315
84.2707942205452 30.1155625669562
83.9604031209456 29.3256409875321
83.6492402100121 28.6266462964413
83.3372576764232 28.0085125029473
83.0244008786685 27.4625942955827
82.7106288356154 26.9813784666731
82.3958937359421 26.558331940636
82.0801341079496 26.187754924922
81.763308970505 25.8646938251077
81.4453636820981 25.5847773203641
81.1262436012184 25.3441753823245
80.8058872561669 25.1395087750825
80.4842331752443 24.9677551400964
80.1612335471291 24.8263172980769
79.8368200699333 24.7128046829457
79.510924441769 24.6251170116484
79.1834920211259 24.5614067181159
78.8544340155495 24.5200004060935
78.5236957835295 24.499376651027
78.1911885326117 24.4982121038374
77.856843960908 24.5152961135609
77.5205801061529 24.5495546330094
77.1823081758921 24.600000699902
76.8419393776712 24.6657788330922
76.4993849190359 24.7460864853965
76.1545423471543 24.8402252700107
75.8073092091945 24.9475582718296
75.4575830523245 25.0675151700889
75.105240933146 25.1995922383649
74.7501735686383 25.3433318540083
74.3922580154031 25.4983395736162
74.0313440092868 25.6642551047298
73.6673017767025 25.8407727964004
73.2999878836854 26.027617733529
72.9292247453268 26.2245730576215
72.5548620974732 26.4314424007498
72.1767086948385 26.6480686685718
71.7945664619474 26.8743391629723
71.408237323325 27.1101753367802
71.0175027129299 27.3555157182964
70.6221030835877 27.6103654301623
70.2218062088796 27.8747261799253
69.8163115604984 28.1486662694733
69.4053186101373 28.4322830289966
68.9885131691117 28.7257079396295
68.565512746849 29.0291220013751
68.1359416829655 29.3427403651804
67.6993560151896 29.666843068786
67.2552776303055 30.0017511310652
66.8031737735873 30.3478470425907
66.3424638789875 30.7056020863893
65.872478588004 31.0755353568093
65.3924802402471 31.4582649859367
64.9016287224949 31.8545286341614
64.3989609781274 32.2651698297996
63.8833773467486 32.6911891955097
63.3536210736202 33.1337444482924
62.808196347396 33.5942426070396
62.2453614699334 34.0743331623453
61.6630332336499 34.5760241897151
61.0586912988801 35.1017574816433
60.4292347599112 35.6545485664828
59.7707908996963 36.238205274487
59.0784078313591 36.8576146057385
58.3455354038451 37.5192549943094
57.5633080320986 38.2319305535566
56.7190966970375 39.0082259063347
55.793821266263 39.8671426378714
88.2388880236394 61.8622015389119
87.9320691127796 58.0485792856052
87.6249906547455 54.5993032082843
87.3176116684044 51.4964474764565
87.0098980028124 48.7153038821561
86.7018086768367 46.2281486890643
86.3932958791556 44.0065888023601
86.0843322890141 42.0232283347868
85.774856434713 40.2525087198737
85.4648478256859 38.6710741270363
85.1542449902336 37.2580412540337
84.8430206076009 35.9947944213054
84.5311132060888 34.8649206851769
84.218495464942 33.8539810265356
83.9051127426501 32.9493054451668
83.5909172278916 32.1397846389955
83.275861109345 31.4156753437055
82.9598965756886 30.7684842195304
82.6429758156009 30.1906604927572
82.3250373573828 29.6756540123315
82.0060402199015 29.2176078913617
81.6859229314578 28.8114063184403
81.3646308505413 28.4525089255658
81.0421025054529 28.1368944390852
80.7182900848711 27.8609753023338
80.3931116265303 27.6215618171445
80.0665261492977 27.4158433608281
79.738444860719 27.2412586125865
79.4088199494727 27.0955297044566
79.0775626231043 26.9766434382909
78.7446114099148 26.8827607857565
78.4098843476386 26.8122390864482
78.0732994740101 26.7635996044919
77.7347816569527 26.7354985002421
77.3942284436343 26.7267609812261
77.0515578717896 26.7362822644063
76.706681148964 26.7630907554267
76.3594821619481 26.8062985297438
76.0098652880988 26.8651320684767
75.6577144142066 26.938850296141
75.3029202572507 27.0268231278205
74.945353043644 27.1284665823732
74.5848898299882 27.2432752258283
74.2213803521299 27.370788020442
73.8546880062931 27.5105900322451
73.4846556981356 27.6623380442506
73.1111195031262 27.8257195753213
72.7339018363564 28.0004648329996
72.3528182827285 28.1863586663385
71.9676639365789 28.3832183677878
71.578220231866 28.5908987958355
71.1842617723596 28.8093128655746
70.7855358410743 29.0383905675699
70.3817624002695 29.2781199489909
69.9726682423934 29.5285180853098
69.5579186881951 29.7896498633199
69.1371790584235 30.0616211509478
68.7100600323174 30.3445958727243
68.2761449683603 30.6387721041247
67.8349830740917 30.9444196376062
67.3860552551632 31.2618458316647
66.9288082662824 31.5914536674391
66.4626068998914 31.9337007675786
65.9867408163555 32.28914379247
65.5004177137744 32.6584247798601
65.0027291770384 33.0423121259882
64.492630187262 33.4417244912474
63.9689322915947 33.8577205549009
63.4302353013336 34.2915809773476
62.8749136315455 34.7448254755946
62.301013848235 35.2192913704275
61.7062068570231 35.7172189637713
61.0876239786157 36.2413608217103
60.4417271752172 36.7951900952467
59.7640016920341 37.3831122561533
59.0485803968913 38.0109227196226
58.2875744217308 38.6864283914474
57.4699325210822 39.4206088001156
56.5793476191975 40.2296958892985
55.5898923194109 41.1395487537739
54.4554730926393 42.1961960358312