Base-1-0 0 -7 -3.26
Base-1-1 1 -6.8 -3.26
Base-1-10 2 -5 -3.26
Base-1-11 3 -4.8 -3.26
Base-1-12 4 -4.6 -3.26
Base-1-13 5 -4.4 -3.26
Base-1-14 6 -4.2 -3.26
Base-1-15 7 -4 -3.26
Base-1-16 8 -3.8 -3.26
Base-1-17 9 -3.6 -3.26
Base-1-18 10 -3.4 -3.26
Base-1-19 11 -3.2 -3.26
Base-1-2 12 -6.6 -3.26
Base-1-20 13 -3 -3.26
Base-1-21 14 -2.8 -3.26
Base-1-22 15 -2.6 -3.26
Base-1-23 16 -2.4 -3.26
Base-1-24 17 -2.2 -3.26
Base-1-25 18 -2 -3.26
Base-1-26 19 -1.8 -3.26
Base-1-27 20 -1.6 -3.26
Base-1-28 21 -1.4 -3.26
Base-1-29 22 -1.2 -3.26
Base-1-3 23 -6.4 -3.26
Base-1-30 24 -1 -3.26
Base-1-31 25 -0.8 -3.26
Base-1-32 26 -0.6 -3.26
Base-1-33 27 -0.4 -3.26
Base-1-34 28 -0.2 -3.26
Base-1-35 29 3.94129E-15 -3.26
Base-1-36 30 0.2 -3.26
Base-1-37 31 0.4 -3.26
Base-1-38 32 0.6 -3.26
Base-1-39 33 0.8 -3.26
Base-1-4 34 -6.2 -3.26
Base-1-40 35 1 -3.26
Base-1-41 36 1.2 -3.26
Base-1-42 37 1.4 -3.26
Base-1-43 38 1.6 -3.26
Base-1-44 39 1.8 -3.26
Base-1-45 40 2 -3.26
Base-1-46 41 2.2 -3.26
Base-1-47 42 2.4 -3.26
Base-1-48 43 2.6 -3.26
Base-1-49 44 2.8 -3.26
Base-1-5 45 -6 -3.26
Base-1-50 46 3 -3.26
Base-1-51 47 3.2 -3.26
Base-1-52 48 3.4 -3.26
Base-1-53 49 3.6 -3.26
Base-1-54 50 3.8 -3.26
Base-1-55 51 4 -3.26
Base-1-56 52 4.2 -3.26
Base-1-57 53 4.4 -3.26
Base-1-58 54 4.6 -3.26
Base-1-59 55 4.8 -3.26
Base-1-6 56 -5.8 -3.26
Base-1-60 57 5 -3.26
Base-1-61 58 5.2 -3.26
Base-1-62 59 5.4 -3.26
Base-1-63 60 5.6 -3.26
Base-1-64 61 5.8 -3.26
Base-1-65 62 6 -3.26
Base-1-66 63 6.2 -3.26
Base-1-67 64 6.4 -3.26
Base-1-68 65 6.6 -3.26
Base-1-69 66 6.8 -3.26
Base-1-7 67 -5.6 -3.26
Base-1-70 68 7 -3.26
Base-1-71 69 7.2 -3.26
Base-1-72 70 7.4 -3.26
Base-1-73 71 7.6 -3.26
Base-1-74 72 7.8 -3.26
Base-1-75 73 8 -3.26
Base-1-76 74 8.2 -3.26
Base-1-77 75 8.4 -3.26
Base-1-78 76 8.6 -3.26
Base-1-79 77 8.8 -3.26
Base-1-8 78 -5.4 -3.26
Base-1-80 79 9 -3.26
Base-1-81 80 -7 -3.02515
Base-1-82 81 -6.8 -3.02515
Base-1-83 82 -6.6 -3.02515
Base-1-84 83 -6.4 -3.02515
Base-1-85 84 -6.2 -3.02515
Base-1-86 85 -6 -3.02515
Base-1-87 86 -5.8 -3.02515
Base-1-88 87 -5.6 -3.02515
Base-1-89 88 -5.4 -3.02515
Base-1-9 89 -5.2 -3.26
Base-1-90 90 -5.2 -3.02515
Base-1-91 91 -5 -3.02515
Base-1-92 92 -4.8 -3.02515
Base-1-93 93 -4.6 -3.02515
Base-1-94 94 -4.4 -3.02515
Base-1-95 95 -4.2 -3.02515
Base-1-96 96 -4 -3.02515
Base-1-97 97 -3.8 -3.02515
Base-1-98 98 -3.6 -3.02515
Base-1-99 99 -3.4 -3.02515
Base-1-100 100 -3.2 -3.02515
Base-1-101 101 -3 -3.02515
Base-1-102 102 -2.8 -3.02515
Base-1-103 103 -2.6 -3.02515
Base-1-104 104 -2.4 -3.02515
Base-1-105 105 -2.2 -3.02515
Base-1-106 106 -2 -3.02515
Base-1-107 107 -1.8 -3.02515
Base-1-108 108 -1.6 -3.02515
Base-1-109 109 -1.4 -3.02515
Base-1-110 110 -1.2 -3.02515
Base-1-111 111 -1 -3.02515
Base-1-112 112 -0.8 -3.02515
Base-1-113 113 -0.6 -3.02515
Base-1-114 114 -0.4 -3.02515
Base-1-115 115 -0.2 -3.02515
Base-1-116 116 3.94129E-15 -3.02515
Base-1-117 117 0.2 -3.02515
Base-1-118 118 0.4 -3.02515
Base-1-119 119 0.6 -3.02515
Base-1-120 120 0.8 -3.02515
Base-1-121 121 1 -3.02515
Base-1-122 122 1.2 -3.02515
Base-1-123 123 1.4 -3.02515
Base-1-124 124 1.6 -3.02515
Base-1-125 125 1.8 -3.02515
Base-1-126 126 2 -3.02515
Base-1-127 127 2.2 -3.02515
Base-1-128 128 2.4 -3.02515
Base-1-129 129 2.6 -3.02515
Base-1-130 130 2.8 -3.02515
Base-1-131 131 3 -3.02515
Base-1-132 132 3.2 -3.02515
Base-1-133 133 3.4 -3.02515
Base-1-134 134 3.6 -3.02515
Base-1-135 135 3.8 -3.02515
Base-1-136 136 4 -3.02515
Base-1-137 137 4.2 -3.02515
Base-1-138 138 4.4 -3.02515
Base-1-139 139 4.6 -3.02515
Base-1-140 140 4.8 -3.02515
Base-1-141 141 5 -3.02515
Base-1-142 142 5.2 -3.02515
Base-1-143 143 5.4 -3.02515
Base-1-144 144 5.6 -3.02515
Base-1-145 145 5.8 -3.02515
Base-1-146 146 6 -3.02515
Base-1-147 147 6.2 -3.02515
Base-1-148 148 6.4 -3.02515
Base-1-149 149 6.6 -3.02515
Base-1-150 150 6.8 -3.02515
Base-1-151 151 7 -3.02515
Base-1-152 152 7.2 -3.02515
Base-1-153 153 7.4 -3.02515
Base-1-154 154 7.6 -3.02515
Base-1-155 155 7.8 -3.02515
Base-1-156 156 8 -3.02515
Base-1-157 157 8.2 -3.02515
Base-1-158 158 8.4 -3.02515
Base-1-159 159 8.6 -3.02515
Base-1-160 160 8.8 -3.02515
Base-1-161 161 9 -3.02515
Base-1-162 162 -7 -2.79508
Base-1-163 163 -6.8 -2.79508
Base-1-164 164 -6.6 -2.79508
Base-1-165 165 -6.4 -2.79508
Base-1-166 166 -6.2 -2.79508
Base-1-167 167 -6 -2.79508
Base-1-168 168 -5.8 -2.79508
Base-1-169 169 -5.6 -2.79508
Base-1-170 170 -5.4 -2.79508
Base-1-171 171 -5.2 -2.79508
Base-1-172 172 -5 -2.79508
Base-1-173 173 -4.8 -2.79508
Base-1-174 174 -4.6 -2.79508
Base-1-175 175 -4.4 -2.79508
Base-1-176 176 -4.2 -2.79508
Base-1-177 177 -4 -2.79508
Base-1-178 178 -3.8 -2.79508
Base-1-179 179 -3.6 -2.79508
Base-1-180 180 -3.4 -2.79508
Base-1-181 181 -3.2 -2.79508
Base-1-182 182 -3 -2.79508
Base-1-183 183 -2.8 -2.79508
Base-1-184 184 -2.6 -2.79508
Base-1-185 185 -2.4 -2.79508
Base-1-186 186 -2.2 -2.79508
Base-1-187 187 -2 -2.79508
Base-1-188 188 -1.8 -2.79508
Base-1-189 189 -1.6 -2.79508
Base-1-190 190 -1.4 -2.79508
Base-1-191 191 -1.2 -2.79508
Base-1-192 192 -1 -2.79508
Base-1-193 193 -0.8 -2.79508
Base-1-194 194 -0.6 -2.79508
Base-1-195 195 -0.4 -2.79508
Base-1-196 196 -0.2 -2.79508
Base-1-197 197 3.94129E-15 -2.79508
Base-1-198 198 0.2 -2.79508
Base-1-199 199 0.4 -2.79508
Base-1-200 200 0.6 -2.79508
Base-1-201 201 0.8 -2.79508
Base-1-202 202 1 -2.79508
Base-1-203 203 1.2 -2.79508
Base-1-204 204 1.4 -2.79508
Base-1-205 205 1.6 -2.79508
Base-1-206 206 1.8 -2.79508
Base-1-207 207 2 -2.79508
Base-1-208 208 2.2 -2.79508
Base-1-209 209 2.4 -2.79508
Base-1-210 210 2.6 -2.79508
Base-1-211 211 2.8 -2.79508
Base-1-212 212 3 -2.79508
Base-1-213 213 3.2 -2.79508
Base-1-214 214 3.4 -2.79508
Base-1-215 215 3.6 -2.79508
Base-1-216 216 3.8 -2.79508
Base-1-217 217 4 -2.79508
Base-1-218 218 4.2 -2.79508
Base-1-219 219 4.4 -2.79508
Base-1-220 220 4.6 -2.79508
Base-1-221 221 4.8 -2.79508
Base-1-222 222 5 -2.79508
Base-1-223 223 5.2 -2.79508
Base-1-224 224 5.4 -2.79508
Base-1-225 225 5.6 -2.79508
Base-1-226 226 5.8 -2.79508
Base-1-227 227 6 -2.79508
Base-1-228 228 6.2 -2.79508
Base-1-229 229 6.4 -2.79508
Base-1-230 230 6.6 -2.79508
Base-1-231 231 6.8 -2.79508
Base-1-232 232 7 -2.79508
Base-1-233 233 7.2 -2.79508
Base-1-234 234 7.4 -2.79508
Base-1-235 235 7.6 -2.79508
Base-1-236 236 7.8 -2.79508
Base-1-237 237 8 -2.79508
Base-1-238 238 8.2 -2.79508
Base-1-239 239 8.4 -2.79508
Base-1-240 240 8.6 -2.79508
Base-1-241 241 8.8 -2.79508
Base-1-242 242 9 -2.79508
Base-1-243 243 -7 -2.57083
Base-1-244 244 -6.8 -2.57083
Base-1-245 245 -6.6 -2.57083
Base-1-246 246 -6.4 -2.57083
Base-1-247 247 -6.2 -2.57083
Base-1-248 248 -6 -2.57083
Base-1-249 249 -5.8 -2.57083
Base-1-250 250 -5.6 -2.57083
Base-1-251 251 -5.4 -2.57083
Base-1-252 252 -5.2 -2.57083
Base-1-253 253 -5 -2.57083
Base-1-254 254 -4.8 -2.57083
Base-1-255 255 -4.6 -2.57083
Base-1-256 256 -4.4 -2.57083
Base-1-257 257 -4.2 -2.57083
Base-1-258 258 -4 -2.57083
Base-1-259 259 -3.8 -2.57083
Base-1-260 260 -3.6 -2.57083
Base-1-261 261 -3.4 -2.57083
Base-1-262 262 -3.2 -2.57083
Base-1-263 263 -3 -2.57083
Base-1-264 264 -2.8 -2.57083
Base-1-265 265 -2.6 -2.57083
Base-1-266 266 -2.4 -2.57083
Base-1-267 267 -2.2 -2.57083
Base-1-268 268 -2 -2.57083
Base-1-269 269 -1.8 -2.57083
Base-1-270 270 -1.6 -2.57083
Base-1-271 271 -1.4 -2.57083
Base-1-272 272 -1.2 -2.57083
Base-1-273 273 -1 -2.57083
Base-1-274 274 -0.8 -2.57083
Base-1-275 275 -0.6 -2.57083
Base-1-276 276 -0.4 -2.57083
Base-1-277 277 -0.2 -2.57083
Base-1-278 278 3.94129E-15 -2.57083
Base-1-279 279 0.2 -2.57083
Base-1-280 280 0.4 -2.57083
Base-1-281 281 0.6 -2.57083
Base-1-282 282 0.8 -2.57083
Base-1-283 283 1 -2.57083
Base-1-284 284 1.2 -2.57083
Base-1-285 285 1.4 -2.57083
Base-1-286 286 1.6 -2.57083
Base-1-287 287 1.8 -2.57083
Base-1-288 288 2 -2.57083
Base-1-289 289 2.2 -2.57083
Base-1-290 290 2.4 -2.57083
Base-1-291 291 2.6 -2.57083
Base-1-292 292 2.8 -2.57083
Base-1-293 293 3 -2.57083
Base-1-294 294 3.2 -2.57083
Base-1-295 295 3.4 -2.57083
Base-1-296 296 3.6 -2.57083
Base-1-297 297 3.8 -2.57083
Base-1-298 298 4 -2.57083
Base-1-299 299 4.2 -2.57083
Base-1-300 300 4.4 -2.57083
Base-1-301 301 4.6 -2.57083
Base-1-302 302 4.8 -2.57083
Base-1-303 303 5 -2.57083
Base-1-304 304 5.2 -2.57083
Base-1-305 305 5.4 -2.57083
Base-1-306 306 5.6 -2.57083
Base-1-307 307 5.8 -2.57083
Base-1-308 308 6 -2.57083
Base-1-309 309 6.2 -2.57083
Base-1-310 310 6.4 -2.57083
Base-1-311 311 6.6 -2.57083
Base-1-312 312 6.8 -2.57083
Base-1-313 313 7 -2.57083
Base-1-314 314 7.2 -2.57083
Base-1-315 315 7.4 -2.57083
Base-1-316 316 7.6 -2.57083
Base-1-317 317 7.8 -2.57083
Base-1-318 318 8 -2.57083
Base-1-319 319 8.2 -2.57083
Base-1-320 320 8.4 -2.57083
Base-1-321 321 8.6 -2.57083
Base-1-322 322 8.8 -2.57083
Base-1-323 323 9 -2.57083
Base-1-324 324 -7 -2.4
Base-1-325 325 -6.8 -2.4
Base-1-326 326 -6.6 -2.4
Base-1-327 327 -6.4 -2.4
Base-1-328 328 -6.2 -2.4
Base-1-329 329 -6 -2.4
Base-1-330 330 -5.8 -2.4
Base-1-331 331 -5.6 -2.4
Base-1-332 332 -5.4 -2.4
Base-1-333 333 -5.2 -2.4
Base-1-334 334 -5 -2.4
Base-1-335 335 -4.8 -2.4
Base-1-336 336 -4.6 -2.4
Base-1-337 337 -4.4 -2.4
Base-1-338 338 -4.2 -2.4
Base-1-339 339 -4 -2.4
Base-1-340 340 -3.8 -2.4
Base-1-341 341 -3.6 -2.4
Base-1-342 342 -3.4 -2.4
Base-1-343 343 -3.2 -2.4
Base-1-344 344 -3 -2.4
Base-1-345 345 -2.8 -2.4
Base-1-346 346 -2.6 -2.4
Base-1-347 347 -2.4 -2.4
Base-1-348 348 -2.2 -2.4
Base-1-349 349 -2 -2.4
Base-1-350 350 -1.8 -2.4
Base-1-351 351 -1.6 -2.4
Base-1-352 352 -1.4 -2.4
Base-1-353 353 -1.2 -2.4
Base-1-354 354 -1 -2.4
Base-1-355 355 -0.8 -2.4
Base-1-356 356 -0.6 -2.4
Base-1-357 357 -0.4 -2.4
Base-1-358 358 -0.2 -2.4
Base-1-359 359 3.94129E-15 -2.4
Base-1-360 360 0.2 -2.4
Base-1-361 361 0.4 -2.4
Base-1-362 362 0.6 -2.4
Base-1-363 363 0.8 -2.4
Base-1-364 364 1 -2.4
Base-1-365 365 1.2 -2.4
Base-1-366 366 1.4 -2.4
Base-1-367 367 1.6 -2.4
Base-1-368 368 1.8 -2.4
Base-1-369 369 2 -2.4
Base-1-370 370 2.2 -2.4
Base-1-371 371 2.4 -2.4
Base-1-372 372 2.6 -2.4
Base-1-373 373 2.8 -2.4
Base-1-374 374 3 -2.4
Base-1-375 375 3.2 -2.4
Base-1-376 376 3.4 -2.4
Base-1-377 377 3.6 -2.4
Base-1-378 378 3.8 -2.4
Base-1-379 379 4 -2.4
Base-1-380 380 4.2 -2.4
Base-1-381 381 4.4 -2.4
Base-1-382 382 4.6 -2.4
Base-1-383 383 4.8 -2.4
Base-1-384 384 5 -2.4
Base-1-385 385 5.2 -2.4
Base-1-386 386 5.4 -2.4
Base-1-387 387 5.6 -2.4
Base-1-388 388 5.8 -2.4
Base-1-389 389 6 -2.4
Base-1-390 390 6.2 -2.4
Base-1-391 391 6.4 -2.4
Base-1-392 392 6.6 -2.4
Base-1-393 393 6.8 -2.4
Base-1-394 394 7 -2.4
Base-1-395 395 7.2 -2.4
Base-1-396 396 7.4 -2.4
Base-1-397 397 7.6 -2.4
Base-1-398 398 7.8 -2.4
Base-1-399 399 8 -2.4
Base-1-400 400 8.2 -2.4
Base-1-401 401 8.4 -2.4
Base-1-402 402 8.6 -2.4
Base-1-403 403 8.8 -2.4
Base-1-404 404 9 -2.4
Base-1-405 405 -7 -2.1
Base-1-406 406 -6.8 -2.1
Base-1-407 407 -6.6 -2.1
Base-1-408 408 -6.4 -2.1
Base-1-409 409 -6.2 -2.1
Base-1-410 410 -6 -2.1
Base-1-411 411 -5.8 -2.1
Base-1-412 412 -5.6 -2.1
Base-1-413 413 -5.4 -2.1
Base-1-414 414 -5.2 -2.1
Base-1-415 415 -5 -2.1
Base-1-416 416 -4.8 -2.1
Base-1-417 417 -4.6 -2.1
Base-1-418 418 -4.4 -2.1
Base-1-419 419 -4.2 -2.1
Base-1-420 420 -4 -2.1
Base-1-421 421 -3.8 -2.1
Base-1-422 422 -3.6 -2.1
Base-1-423 423 -3.4 -2.1
Base-1-424 424 -3.2 -2.1
Base-1-425 425 -3 -2.1
Base-1-426 426 -2.8 -2.1
Base-1-427 427 -2.6 -2.1
Base-1-428 428 -2.4 -2.1
Base-1-429 429 -2.2 -2.1
Base-1-430 430 -2 -2.1
Base-1-431 431 -1.8 -2.1
Base-1-432 432 -1.6 -2.1
Base-1-433 433 -1.4 -2.1
Base-1-434 434 -1.2 -2.1
Base-1-435 435 -1 -2.1
Base-1-436 436 -0.8 -2.1
Base-1-437 437 -0.6 -2.1
Base-1-438 438 -0.4 -2.1
Base-1-439 439 -0.2 -2.1
Base-1-440 440 3.94129E-15 -2.1
Base-1-441 441 0.2 -2.1
Base-1-442 442 0.4 -2.1
Base-1-443 443 0.6 -2.1
Base-1-444 444 0.8 -2.1
Base-1-445 445 1 -2.1
Base-1-446 446 1.2 -2.1
Base-1-447 447 1.4 -2.1
Base-1-448 448 1.6 -2.1
Base-1-449 449 1.8 -2.1
Base-1-450 450 2 -2.1
Base-1-451 451 2.2 -2.1
Base-1-452 452 2.4 -2.1
Base-1-453 453 2.6 -2.1
Base-1-454 454 2.8 -2.1
Base-1-455 455 3 -2.1
Base-1-456 456 3.2 -2.1
Base-1-457 457 3.4 -2.1
Base-1-458 458 3.6 -2.1
Base-1-459 459 3.8 -2.1
Base-1-460 460 4 -2.1
Base-1-461 461 4.2 -2.1
Base-1-462 462 4.4 -2.1
Base-1-463 463 4.6 -2.1
Base-1-464 464 4.8 -2.1
Base-1-465 465 5 -2.1
Base-1-466 466 5.2 -2.1
Base-1-467 467 5.4 -2.1
Base-1-468 468 5.6 -2.1
Base-1-469 469 5.8 -2.1
Base-1-470 470 6 -2.1
Base-1-471 471 6.2 -2.1
Base-1-472 472 6.4 -2.1
Base-1-473 473 6.6 -2.1
Base-1-474 474 6.8 -2.1
Base-1-475 475 7 -2.1
Base-1-476 476 7.2 -2.1
Base-1-477 477 7.4 -2.1
Base-1-478 478 7.6 -2.1
Base-1-479 479 7.8 -2.1
Base-1-480 480 8 -2.1
Base-1-481 481 8.2 -2.1
Base-1-482 482 8.4 -2.1
Base-1-483 483 8.6 -2.1
Base-1-484 484 8.8 -2.1
Base-1-485 485 9 -2.1
Base-1-486 486 -7 -1.8
Base-1-487 487 -6.8 -1.8
Base-1-488 488 -6.6 -1.8
Base-1-489 489 -6.4 -1.8
Base-1-490 490 -6.2 -1.8
Base-1-491 491 -6 -1.8
Base-1-492 492 -5.8 -1.8
Base-1-493 493 -5.6 -1.8
Base-1-494 494 -5.4 -1.8
Base-1-495 495 -5.2 -1.8
Base-1-496 496 -5 -1.8
Base-1-497 497 -4.8 -1.8
Base-1-498 498 -4.6 -1.8
Base-1-499 499 -4.4 -1.8
Base-1-500 500 -4.2 -1.8
Base-1-501 501 -4 -1.8
Base-1-502 502 -3.8 -1.8
Base-1-503 503 -3.6 -1.8
Base-1-504 504 -3.4 -1.8
Base-1-505 505 -3.2 -1.8
Base-1-506 506 -3 -1.8
Base-1-507 507 -2.8 -1.8
Base-1-508 508 -2.6 -1.8
Base-1-509 509 -2.4 -1.8
Base-1-510 510 -2.2 -1.8
Base-1-511 511 -2 -1.8
Base-1-512 512 -1.8 -1.8
Base-1-513 513 -1.6 -1.8
Base-1-514 514 -1.4 -1.8
Base-1-515 515 -1.2 -1.8
Base-1-516 516 -1 -1.8
Base-1-517 517 -0.8 -1.8
Base-1-518 518 -0.6 -1.8
Base-1-519 519 -0.4 -1.8
Base-1-520 520 -0.2 -1.8
Base-1-521 521 3.94129E-15 -1.8
Base-1-522 522 0.2 -1.8
Base-1-523 523 0.4 -1.8
Base-1-524 524 0.6 -1.8
Base-1-525 525 0.8 -1.8
Base-1-526 526 1 -1.8
Base-1-527 527 1.2 -1.8
Base-1-528 528 1.4 -1.8
Base-1-529 529 1.6 -1.8
Base-1-530 530 1.8 -1.8
Base-1-531 531 2 -1.8
Base-1-532 532 2.2 -1.8
Base-1-533 533 2.4 -1.8
Base-1-534 534 2.6 -1.8
Base-1-535 535 2.8 -1.8
Base-1-536 536 3 -1.8
Base-1-537 537 3.2 -1.8
Base-1-538 538 3.4 -1.8
Base-1-539 539 3.6 -1.8
Base-1-540 540 3.8 -1.8
Base-1-541 541 4 -1.8
Base-1-542 542 4.2 -1.8
Base-1-543 543 4.4 -1.8
Base-1-544 544 4.6 -1.8
Base-1-545 545 4.8 -1.8
Base-1-546 546 5 -1.8
Base-1-547 547 5.2 -1.8
Base-1-548 548 5.4 -1.8
Base-1-549 549 5.6 -1.8
Base-1-550 550 5.8 -1.8
Base-1-551 551 6 -1.8
Base-1-552 552 6.2 -1.8
Base-1-553 553 6.4 -1.8
Base-1-554 554 6.6 -1.8
Base-1-555 555 6.8 -1.8
Base-1-556 556 7 -1.8
Base-1-557 557 7.2 -1.8
Base-1-558 558 7.4 -1.8
Base-1-559 559 7.6 -1.8
Base-1-560 560 7.8 -1.8
Base-1-561 561 8 -1.8
Base-1-562 562 8.2 -1.8
Base-1-563 563 8.4 -1.8
Base-1-564 564 8.6 -1.8
Base-1-565 565 8.8 -1.8
Base-1-566 566 9 -1.8
Base-1-567 567 -7 -1.5
Base-1-568 568 -6.8 -1.5
Base-1-569 569 -6.6 -1.5
Base-1-570 570 -6.4 -1.5
Base-1-571 571 -6.2 -1.5
Base-1-572 572 -6 -1.5
Base-1-573 573 -5.8 -1.5
Base-1-574 574 -5.6 -1.5
Base-1-575 575 -5.4 -1.5
Base-1-576 576 -5.2 -1.5
Base-1-577 577 -5 -1.5
Base-1-578 578 -4.8 -1.5
Base-1-579 579 -4.6 -1.5
Base-1-580 580 -4.4 -1.5
Base-1-581 581 -4.2 -1.5
Base-1-582 582 -4 -1.5
Base-1-583 583 -3.8 -1.5
Base-1-584 584 -3.6 -1.5
Base-1-585 585 -3.4 -1.5
Base-1-586 586 -3.2 -1.5
Base-1-587 587 -3 -1.5
Base-1-588 588 -2.8 -1.5
Base-1-589 589 -2.6 -1.5
Base-1-590 590 -2.4 -1.5
Base-1-591 591 -2.2 -1.5
Base-1-592 592 -2 -1.5
Base-1-593 593 -1.8 -1.5
Base-1-594 594 -1.6 -1.5
Base-1-595 595 -1.4 -1.5
Base-1-596 596 -1.2 -1.5
Base-1-597 597 -1 -1.5
Base-1-598 598 -0.8 -1.5
Base-1-599 599 -0.6 -1.5
Base-1-600 600 -0.4 -1.5
Base-1-601 601 -0.2 -1.5
Base-1-602 602 3.94129E-15 -1.5
Base-1-603 603 0.2 -1.5
Base-1-604 604 0.4 -1.5
Base-1-605 605 0.6 -1.5
Base-1-606 606 0.8 -1.5
Base-1-607 607 1 -1.5
Base-1-608 608 1.2 -1.5
Base-1-609 609 1.4 -1.5
Base-1-610 610 1.6 -1.5
Base-1-611 611 1.8 -1.5
Base-1-612 612 2 -1.5
Base-1-613 613 2.2 -1.5
Base-1-614 614 2.4 -1.5
Base-1-615 615 2.6 -1.5
Base-1-616 616 2.8 -1.5
Base-1-617 617 3 -1.5
Base-1-618 618 3.2 -1.5
Base-1-619 619 3.4 -1.5
Base-1-620 620 3.6 -1.5
Base-1-621 621 3.8 -1.5
Base-1-622 622 4 -1.5
Base-1-623 623 4.2 -1.5
Base-1-624 624 4.4 -1.5
Base-1-625 625 4.6 -1.5
Base-1-626 626 4.8 -1.5
Base-1-627 627 5 -1.5
Base-1-628 628 5.2 -1.5
Base-1-629 629 5.4 -1.5
Base-1-630 630 5.6 -1.5
Base-1-631 631 5.8 -1.5
Base-1-632 632 6 -1.5
Base-1-633 633 6.2 -1.5
Base-1-634 634 6.4 -1.5
Base-1-635 635 6.6 -1.5
Base-1-636 636 6.8 -1.5
Base-1-637 637 7 -1.5
Base-1-638 638 7.2 -1.5
Base-1-639 639 7.4 -1.5
Base-1-640 640 7.6 -1.5
Base-1-641 641 7.8 -1.5
Base-1-642 642 8 -1.5
Base-1-643 643 8.2 -1.5
Base-1-644 644 8.4 -1.5
Base-1-645 645 8.6 -1.5
Base-1-646 646 8.8 -1.5
Base-1-647 647 9 -1.5
Base-1-648 648 -7 -1.2
Base-1-649 649 -6.8 -1.2
Base-1-650 650 -6.6 -1.2
Base-1-651 651 -6.4 -1.2
Base-1-652 652 -6.2 -1.2
Base-1-653 653 -6 -1.2
Base-1-654 654 -5.8 -1.2
Base-1-655 655 -5.6 -1.2
Base-1-656 656 -5.4 -1.2
Base-1-657 657 -5.2 -1.2
Base-1-658 658 -5 -1.2
Base-1-659 659 -4.8 -1.2
Base-1-660 660 -4.6 -1.2
Base-1-661 661 -4.4 -1.2
Base-1-662 662 -4.2 -1.2
Base-1-663 663 -4 -1.2
Base-1-664 664 -3.8 -1.2
Base-1-665 665 -3.6 -1.2
Base-1-666 666 -3.4 -1.2
Base-1-667 667 -3.2 -1.2
Base-1-668 668 -3 -1.2
Base-1-669 669 -2.8 -1.2
Base-1-670 670 -2.6 -1.2
Base-1-671 671 -2.4 -1.2
Base-1-672 672 -2.2 -1.2
Base-1-673 673 -2 -1.2
Base-1-674 674 -1.8 -1.2
Base-1-675 675 -1.6 -1.2
Base-1-676 676 -1.4 -1.2
Base-1-677 677 -1.2 -1.2
Base-1-678 678 -1 -1.2
Base-1-679 679 -0.8 -1.2
Base-1-680 680 -0.6 -1.2
Base-1-681 681 -0.4 -1.2
Base-1-682 682 -0.2 -1.2
Base-1-683 683 3.94129E-15 -1.2
Base-1-684 684 0.2 -1.2
Base-1-685 685 0.4 -1.2
Base-1-686 686 0.6 -1.2
Base-1-687 687 0.8 -1.2
Base-1-688 688 1 -1.2
Base-1-689 689 1.2 -1.2
Base-1-690 690 1.4 -1.2
Base-1-691 691 1.6 -1.2
Base-1-692 692 1.8 -1.2
Base-1-693 693 2 -1.2
Base-1-694 694 2.2 -1.2
Base-1-695 695 2.4 -1.2
Base-1-696 696 2.6 -1.2
Base-1-697 697 2.8 -1.2
Base-1-698 698 3 -1.2
Base-1-699 699 3.2 -1.2
Base-1-700 700 3.4 -1.2
Base-1-701 701 3.6 -1.2
Base-1-702 702 3.8 -1.2
Base-1-703 703 4 -1.2
Base-1-704 704 4.2 -1.2
Base-1-705 705 4.4 -1.2
Base-1-706 706 4.6 -1.2
Base-1-707 707 4.8 -1.2
Base-1-708 708 5 -1.2
Base-1-709 709 5.2 -1.2
Base-1-710 710 5.4 -1.2
Base-1-711 711 5.6 -1.2
Base-1-712 712 5.8 -1.2
Base-1-713 713 6 -1.2
Base-1-714 714 6.2 -1.2
Base-1-715 715 6.4 -1.2
Base-1-716 716 6.6 -1.2
Base-1-717 717 6.8 -1.2
Base-1-718 718 7 -1.2
Base-1-719 719 7.2 -1.2
Base-1-720 720 7.4 -1.2
Base-1-721 721 7.6 -1.2
Base-1-722 722 7.8 -1.2
Base-1-723 723 8 -1.2
Base-1-724 724 8.2 -1.2
Base-1-725 725 8.4 -1.2
Base-1-726 726 8.6 -1.2
Base-1-727 727 8.8 -1.2
Base-1-728 728 9 -1.2
Base-1-729 729 -7 -0.9
Base-1-730 730 -6.8 -0.9
Base-1-731 731 -6.6 -0.9
Base-1-732 732 -6.4 -0.9
Base-1-733 733 -6.2 -0.9
Base-1-734 734 -6 -0.9
Base-1-735 735 -5.8 -0.9
Base-1-736 736 -5.6 -0.9
Base-1-737 737 -5.4 -0.9
Base-1-738 738 -5.2 -0.9
Base-1-739 739 -5 -0.9
Base-1-740 740 -4.8 -0.9
Base-1-741 741 -4.6 -0.9
Base-1-742 742 -4.4 -0.9
Base-1-743 743 -4.2 -0.9
Base-1-744 744 -4 -0.9
Base-1-745 745 -3.8 -0.9
Base-1-746 746 -3.6 -0.9
Base-1-747 747 -3.4 -0.9
Base-1-748 748 -3.2 -0.9
Base-1-749 749 -3 -0.9
Base-1-750 750 -2.8 -0.9
Base-1-751 751 -2.6 -0.9
Base-1-752 752 -2.4 -0.9
Base-1-753 753 -2.2 -0.9
Base-1-754 754 -2 -0.9
Base-1-755 755 -1.8 -0.9
Base-1-756 756 -1.6 -0.9
Base-1-757 757 -1.4 -0.9
Base-1-758 758 -1.2 -0.9
Base-1-759 759 -1 -0.9
Base-1-760 760 -0.8 -0.9
Base-1-761 761 -0.6 -0.9
Base-1-762 762 -0.4 -0.9
Base-1-763 763 -0.2 -0.9
Base-1-764 764 3.94129E-15 -0.9
Base-1-765 765 0.2 -0.9
Base-1-766 766 0.4 -0.9
Base-1-767 767 0.6 -0.9
Base-1-768 768 0.8 -0.9
Base-1-769 769 1 -0.9
Base-1-770 770 1.2 -0.9
Base-1-771 771 1.4 -0.9
Base-1-772 772 1.6 -0.9
Base-1-773 773 1.8 -0.9
Base-1-774 774 2 -0.9
Base-1-775 775 2.2 -0.9
Base-1-776 776 2.4 -0.9
Base-1-777 777 2.6 -0.9
Base-1-778 778 2.8 -0.9
Base-1-779 779 3 -0.9
Base-1-780 780 3.2 -0.9
Base-1-781 781 3.4 -0.9
Base-1-782 782 3.6 -0.9
Base-1-783 783 3.8 -0.9
Base-1-784 784 4 -0.9
Base-1-785 785 4.2 -0.9
Base-1-786 786 4.4 -0.9
Base-1-787 787 4.6 -0.9
Base-1-788 788 4.8 -0.9
Base-1-789 789 5 -0.9
Base-1-790 790 5.2 -0.9
Base-1-791 791 5.4 -0.9
Base-1-792 792 5.6 -0.9
Base-1-793 793 5.8 -0.9
Base-1-794 794 6 -0.9
Base-1-795 795 6.2 -0.9
Base-1-796 796 6.4 -0.9
Base-1-797 797 6.6 -0.9
Base-1-798 798 6.8 -0.9
Base-1-799 799 7 -0.9
Base-1-800 800 7.2 -0.9
Base-1-801 801 7.4 -0.9
Base-1-802 802 7.6 -0.9
Base-1-803 803 7.8 -0.9
Base-1-804 804 8 -0.9
Base-1-805 805 8.2 -0.9
Base-1-806 806 8.4 -0.9
Base-1-807 807 8.6 -0.9
Base-1-808 808 8.8 -0.9
Base-1-809 809 9 -0.9
Base-1-810 810 -7 -0.6
Base-1-811 811 -6.8 -0.6
Base-1-812 812 -6.6 -0.6
Base-1-813 813 -6.4 -0.6
Base-1-814 814 -6.2 -0.6
Base-1-815 815 -6 -0.6
Base-1-816 816 -5.8 -0.6
Base-1-817 817 -5.6 -0.6
Base-1-818 818 -5.4 -0.6
Base-1-819 819 -5.2 -0.6
Base-1-820 820 -5 -0.6
Base-1-821 821 -4.8 -0.6
Base-1-822 822 -4.6 -0.6
Base-1-823 823 -4.4 -0.6
Base-1-824 824 -4.2 -0.6
Base-1-825 825 -4 -0.6
Base-1-826 826 -3.8 -0.6
Base-1-827 827 -3.6 -0.6
Base-1-828 828 -3.4 -0.6
Base-1-829 829 -3.2 -0.6
Base-1-830 830 -3 -0.6
Base-1-831 831 -2.8 -0.6
Base-1-832 832 -2.6 -0.6
Base-1-833 833 -2.4 -0.6
Base-1-834 834 -2.2 -0.6
Base-1-835 835 -2 -0.6
Base-1-836 836 -1.8 -0.6
Base-1-837 837 -1.6 -0.6
Base-1-838 838 -1.4 -0.6
Base-1-839 839 -1.2 -0.6
Base-1-840 840 -1 -0.6
Base-1-841 841 -0.8 -0.6
Base-1-842 842 -0.6 -0.6
Base-1-843 843 -0.4 -0.6
Base-1-844 844 -0.2 -0.6
Base-1-845 845 3.94129E-15 -0.6
Base-1-846 846 0.2 -0.6
Base-1-847 847 0.4 -0.6
Base-1-848 848 0.6 -0.6
Base-1-849 849 0.8 -0.6
Base-1-850 850 1 -0.6
Base-1-851 851 1.2 -0.6
Base-1-852 852 1.4 -0.6
Base-1-853 853 1.6 -0.6
Base-1-854 854 1.8 -0.6
Base-1-855 855 2 -0.6
Base-1-856 856 2.2 -0.6
Base-1-857 857 2.4 -0.6
Base-1-858 858 2.6 -0.6
Base-1-859 859 2.8 -0.6
Base-1-860 860 3 -0.6
Base-1-861 861 3.2 -0.6
Base-1-862 862 3.4 -0.6
Base-1-863 863 3.6 -0.6
Base-1-864 864 3.8 -0.6
Base-1-865 865 4 -0.6
Base-1-866 866 4.2 -0.6
Base-1-867 867 4.4 -0.6
Base-1-868 868 4.6 -0.6
Base-1-869 869 4.8 -0.6
Base-1-870 870 5 -0.6
Base-1-871 871 5.2 -0.6
Base-1-872 872 5.4 -0.6
Base-1-873 873 5.6 -0.6
Base-1-874 874 5.8 -0.6
Base-1-875 875 6 -0.6
Base-1-876 876 6.2 -0.6
Base-1-877 877 6.4 -0.6
Base-1-878 878 6.6 -0.6
Base-1-879 879 6.8 -0.6
Base-1-880 880 7 -0.6
Base-1-881 881 7.2 -0.6
Base-1-882 882 7.4 -0.6
Base-1-883 883 7.6 -0.6
Base-1-884 884 7.8 -0.6
Base-1-885 885 8 -0.6
Base-1-886 886 8.2 -0.6
Base-1-887 887 8.4 -0.6
Base-1-888 888 8.6 -0.6
Base-1-889 889 8.8 -0.6
Base-1-890 890 9 -0.6
Base-1-891 891 -7 -0.3
Base-1-892 892 -6.8 -0.3
Base-1-893 893 -6.6 -0.3
Base-1-894 894 -6.4 -0.3
Base-1-895 895 -6.2 -0.3
Base-1-896 896 -6 -0.3
Base-1-897 897 -5.8 -0.3
Base-1-898 898 -5.6 -0.3
Base-1-899 899 -5.4 -0.3
Base-1-900 900 -5.2 -0.3
Base-1-901 901 -5 -0.3
Base-1-902 902 -4.8 -0.3
Base-1-903 903 -4.6 -0.3
Base-1-904 904 -4.4 -0.3
Base-1-905 905 -4.2 -0.3
Base-1-906 906 -4 -0.3
Base-1-907 907 -3.8 -0.3
Base-1-908 908 -3.6 -0.3
Base-1-909 909 -3.4 -0.3
Base-1-910 910 -3.2 -0.3
Base-1-911 911 -3 -0.3
Base-1-912 912 -2.8 -0.3
Base-1-913 913 -2.6 -0.3
Base-1-914 914 -2.4 -0.3
Base-1-915 915 -2.2 -0.3
Base-1-916 916 -2 -0.3
Base-1-917 917 -1.8 -0.3
Base-1-918 918 -1.6 -0.3
Base-1-919 919 -1.4 -0.3
Base-1-920 920 -1.2 -0.3
Base-1-921 921 -1 -0.3
Base-1-922 922 -0.8 -0.3
Base-1-923 923 -0.6 -0.3
Base-1-924 924 -0.4 -0.3
Base-1-925 925 -0.2 -0.3
Base-1-926 926 3.94129E-15 -0.3
Base-1-927 927 0.2 -0.3
Base-1-928 928 0.4 -0.3
Base-1-929 929 0.6 -0.3
Base-1-930 930 0.8 -0.3
Base-1-931 931 1 -0.3
Base-1-932 932 1.2 -0.3
Base-1-933 933 1.4 -0.3
Base-1-934 934 1.6 -0.3
Base-1-935 935 1.8 -0.3
Base-1-936 936 2 -0.3
Base-1-937 937 2.2 -0.3
Base-1-938 938 2.4 -0.3
Base-1-939 939 2.6 -0.3
Base-1-940 940 2.8 -0.3
Base-1-941 941 3 -0.3
Base-1-942 942 3.2 -0.3
Base-1-943 943 3.4 -0.3
Base-1-944 944 3.6 -0.3
Base-1-945 945 3.8 -0.3
Base-1-946 946 4 -0.3
Base-1-947 947 4.2 -0.3
Base-1-948 948 4.4 -0.3
Base-1-949 949 4.6 -0.3
Base-1-950 950 4.8 -0.3
Base-1-951 951 5 -0.3
Base-1-952 952 5.2 -0.3
Base-1-953 953 5.4 -0.3
Base-1-954 954 5.6 -0.3
Base-1-955 955 5.8 -0.3
Base-1-956 956 6 -0.3
Base-1-957 957 6.2 -0.3
Base-1-958 958 6.4 -0.3
Base-1-959 959 6.6 -0.3
Base-1-960 960 6.8 -0.3
Base-1-961 961 7 -0.3
Base-1-962 962 7.2 -0.3
Base-1-963 963 7.4 -0.3
Base-1-964 964 7.6 -0.3
Base-1-965 965 7.8 -0.3
Base-1-966 966 8 -0.3
Base-1-967 967 8.2 -0.3
Base-1-968 968 8.4 -0.3
Base-1-969 969 8.6 -0.3
Base-1-970 970 8.8 -0.3
Base-1-971 971 9 -0.3
Base-1-972 972 -7 1.11022E-16
Base-1-973 973 -6.8 1.11022E-16
Base-1-974 974 -6.6 1.11022E-16
Base-1-975 975 -6.4 1.11022E-16
Base-1-976 976 -6.2 1.11022E-16
Base-1-977 977 -6 1.11022E-16
Base-1-978 978 -5.8 1.11022E-16
Base-1-979 979 -5.6 1.11022E-16
Base-1-980 980 -5.4 1.11022E-16
Base-1-981 981 -5.2 1.11022E-16
Base-1-982 982 -5 1.11022E-16
Base-1-983 983 -4.8 1.11022E-16
Base-1-984 984 -4.6 1.11022E-16
Base-1-985 985 -4.4 1.11022E-16
Base-1-986 986 -4.2 1.11022E-16
Base-1-987 987 -4 1.11022E-16
Base-1-988 988 -3.8 1.11022E-16
Base-1-989 989 -3.6 1.11022E-16
Base-1-990 990 -3.4 1.11022E-16
Base-1-991 991 -3.2 1.11022E-16
Base-1-992 992 -3 1.11022E-16
Base-1-993 993 -2.8 1.11022E-16
Base-1-994 994 -2.6 1.11022E-16
Base-1-995 995 -2.4 1.11022E-16
Base-1-996 996 -2.2 1.11022E-16
Base-1-997 997 -2 1.11022E-16
Base-1-998 998 -1.8 1.11022E-16
Base-1-999 999 -1.6 1.11022E-16
Base-1-1000 1000 -1.4 1.11022E-16
Base-1-1001 1001 -1.2 1.11022E-16
Base-1-1002 1002 -1 1.11022E-16
Base-1-1003 1003 -0.8 1.11022E-16
Base-1-1004 1004 -0.6 1.11022E-16
Base-1-1005 1005 -0.4 1.11022E-16
Base-1-1006 1006 -0.2 1.11022E-16
Base-1-1007 1007 3.94129E-15 1.11022E-16
Base-1-1008 1008 0.2 1.11022E-16
Base-1-1009 1009 0.4 1.11022E-16
Base-1-1010 1010 0.6 1.11022E-16
Base-1-1011 1011 0.8 1.11022E-16
Base-1-1012 1012 1 1.11022E-16
Base-1-1013 1013 1.2 1.11022E-16
Base-1-1014 1014 1.4 1.11022E-16
Base-1-1015 1015 1.6 1.11022E-16
Base-1-1016 1016 1.8 1.11022E-16
Base-1-1017 1017 2 1.11022E-16
Base-1-1018 1018 2.2 1.11022E-16
Base-1-1019 1019 2.4 1.11022E-16
Base-1-1020 1020 2.6 1.11022E-16
Base-1-1021 1021 2.8 1.11022E-16
Base-1-1022 1022 3 1.11022E-16
Base-1-1023 1023 3.2 1.11022E-16
Base-1-1024 1024 3.4 1.11022E-16
Base-1-1025 1025 3.6 1.11022E-16
Base-1-1026 1026 3.8 1.11022E-16
Base-1-1027 1027 4 1.11022E-16
Base-1-1028 1028 4.2 1.11022E-16
Base-1-1029 1029 4.4 1.11022E-16
Base-1-1030 1030 4.6 1.11022E-16
Base-1-1031 1031 4.8 1.11022E-16
Base-1-1032 1032 5 1.11022E-16
Base-1-1033 1033 5.2 1.11022E-16
Base-1-1034 1034 5.4 1.11022E-16
Base-1-1035 1035 5.6 1.11022E-16
Base-1-1036 1036 5.8 1.11022E-16
Base-1-1037 1037 6 1.11022E-16
Base-1-1038 1038 6.2 1.11022E-16
Base-1-1039 1039 6.4 1.11022E-16
Base-1-1040 1040 6.6 1.11022E-16
Base-1-1041 1041 6.8 1.11022E-16
Base-1-1042 1042 7 1.11022E-16
Base-1-1043 1043 7.2 1.11022E-16
Base-1-1044 1044 7.4 1.11022E-16
Base-1-1045 1045 7.6 1.11022E-16
Base-1-1046 1046 7.8 1.11022E-16
Base-1-1047 1047 8 1.11022E-16
Base-1-1048 1048 8.2 1.11022E-16
Base-1-1049 1049 8.4 1.11022E-16
Base-1-1050 1050 8.6 1.11022E-16
Base-1-1051 1051 8.8 1.11022E-16
Base-1-1052 1052 9 1.11022E-16
Base-1-1053 1053 -7 0.3
Base-1-1054 1054 -6.8 0.3
Base-1-1055 1055 -6.6 0.3
Base-1-1056 1056 -6.4 0.3
Base-1-1057 1057 -6.2 0.3
Base-1-1058 1058 -6 0.3
Base-1-1059 1059 -5.8 0.3
Base-1-1060 1060 -5.6 0.3
Base-1-1061 1061 -5.4 0.3
Base-1-1062 1062 -5.2 0.3
Base-1-1063 1063 -5 0.3
Base-1-1064 1064 -4.8 0.3
Base-1-1065 1065 -4.6 0.3
Base-1-1066 1066 -4.4 0.3
Base-1-1067 1067 -4.2 0.3
Base-1-1068 1068 -4 0.3
Base-1-1069 1069 -3.8 0.3
Base-1-1070 1070 -3.6 0.3
Base-1-1071 1071 -3.4 0.3
Base-1-1072 1072 -3.2 0.3
Base-1-1073 1073 -3 0.3
Base-1-1074 1074 -2.8 0.3
Base-1-1075 1075 -2.6 0.3
Base-1-1076 1076 -2.4 0.3
Base-1-1077 1077 -2.2 0.3
Base-1-1078 1078 -2 0.3
Base-1-1079 1079 -1.8 0.3
Base-1-1080 1080 -1.6 0.3
Base-1-1081 1081 -1.4 0.3
Base-1-1082 1082 -1.2 0.3
Base-1-1083 1083 -1 0.3
Base-1-1084 1084 -0.8 0.3
Base-1-1085 1085 -0.6 0.3
Base-1-1086 1086 -0.4 0.3
Base-1-1087 1087 -0.2 0.3
Base-1-1088 1088 3.94129E-15 0.3
Base-1-1089 1089 0.2 0.3
Base-1-1090 1090 0.4 0.3
Base-1-1091 1091 0.6 0.3
Base-1-1092 1092 0.8 0.3
Base-1-1093 1093 1 0.3
Base-1-1094 1094 1.2 0.3
Base-1-1095 1095 1.4 0.3
Base-1-1096 1096 1.6 0.3
Base-1-1097 1097 1.8 0.3
Base-1-1098 1098 2 0.3
Base-1-1099 1099 2.2 0.3
Base-1-1100 1100 2.4 0.3
Base-1-1101 1101 2.6 0.3
Base-1-1102 1102 2.8 0.3
Base-1-1103 1103 3 0.3
Base-1-1104 1104 3.2 0.3
Base-1-1105 1105 3.4 0.3
Base-1-1106 1106 3.6 0.3
Base-1-1107 1107 3.8 0.3
Base-1-1108 1108 4 0.3
Base-1-1109 1109 4.2 0.3
Base-1-1110 1110 4.4 0.3
Base-1-1111 1111 4.6 0.3
Base-1-1112 1112 4.8 0.3
Base-1-1113 1113 5 0.3
Base-1-1114 1114 5.2 0.3
Base-1-1115 1115 5.4 0.3
Base-1-1116 1116 5.6 0.3
Base-1-1117 1117 5.8 0.3
Base-1-1118 1118 6 0.3
Base-1-1119 1119 6.2 0.3
Base-1-1120 1120 6.4 0.3
Base-1-1121 1121 6.6 0.3
Base-1-1122 1122 6.8 0.3
Base-1-1123 1123 7 0.3
Base-1-1124 1124 7.2 0.3
Base-1-1125 1125 7.4 0.3
Base-1-1126 1126 7.6 0.3
Base-1-1127 1127 7.8 0.3
Base-1-1128 1128 8 0.3
Base-1-1129 1129 8.2 0.3
Base-1-1130 1130 8.4 0.3
Base-1-1131 1131 8.6 0.3
Base-1-1132 1132 8.8 0.3
Base-1-1133 1133 9 0.3