88.4197 -52.0228
88.1445 -47.2721
85.6577 -22.0041
85.3798 -20.3498
85.1014 -18.8239
84.8227 -17.41
84.5434 -16.0943
84.2637 -14.8651
83.9834 -13.7123
83.7026 -12.6272
83.4212 -11.6024
83.1391 -10.6315
87.8692 -43.0534
82.8565 -9.7087
82.5731 -8.82923
82.2891 -7.98877
82.0043 -7.18353
81.7188 -6.41018
81.4324 -5.66578
81.1452 -4.94771
80.8572 -4.25362
80.5682 -3.58143
80.2783 -2.92926
87.5937 -39.3084
79.9874 -2.29543
79.6955 -1.67842
79.4025 -1.07685
79.1085 -0.489476
78.8133 0.0848469
78.5169 0.647152
78.2192 1.19839
77.9203 1.73943
77.6201 2.27107
77.3185 2.79405
87.3179 -35.9777
77.0155 3.30906
76.711 3.81672
76.405 4.31763
76.0974 4.81234
75.7881 5.30135
75.4772 5.78516
75.1644 6.2642
74.8499 6.73891
74.5334 7.20969
74.2149 7.67693
87.042 -33.0059
73.8944 8.14098
73.5718 8.6022
73.247 9.06092
72.9198 9.51745
72.5903 9.97212
72.2583 10.4252
71.9237 10.877
71.5865 11.3278
71.2464 11.778
70.9034 12.2276
86.7657 -30.3431
70.5574 12.6771
70.2083 13.1267
69.8558 13.5767
69.4999 14.0273
69.1404 14.4789
68.7771 14.9316
68.4099 15.3858
68.0385 15.8418
67.6628 16.2998
67.2826 16.7602
86.4892 -27.946
66.8976 17.2233
66.5076 17.6895
66.1122 18.1589
65.7113 18.6321
65.3045 19.1094
64.8914 19.5913
64.4717 20.0781
64.0449 20.5703
63.6106 21.0686
63.1683 21.5733
86.2124 -25.7775
62.7174 22.0851
88.4113 -47.459
88.1347 -42.6025
87.8579 -38.3862
87.5809 -34.7149
87.3037 -31.5023
87.0262 -28.6738
86.7485 -26.1669
86.4705 -23.9299
86.1922 -21.9203
85.9352 -23.8057
85.9135 -20.1033
85.6344 -18.4501
85.355 -16.9371
85.0751 -15.5448
84.7948 -14.2568
84.514 -13.0596
84.2326 -11.9416
83.9508 -10.8932
83.6683 -9.90611
83.3853 -8.9733
83.1017 -8.08872
82.8173 -7.24714
82.5323 -6.44404
82.2466 -5.67547
81.9601 -4.93798
81.6729 -4.22853
81.3848 -3.54447
81.0958 -2.88342
80.806 -2.24327
80.5152 -1.62216
80.2234 -1.0184
79.9307 -0.430502
79.6369 0.142906
79.342 0.703044
79.046 1.25102
78.7488 1.78785
78.4504 2.31444
78.1507 2.83164
77.8497 3.34023
77.5473 3.8409
77.2436 4.33432
76.9383 4.82109
76.6316 5.30176
76.3233 5.77687
76.0133 6.24691
75.7016 6.71231
75.3882 7.17353
75.0729 7.63095
74.7558 8.08497
74.4367 8.53593
74.1155 8.9842
73.7922 9.43009
73.4668 9.87392
73.139 10.316
72.8088 10.7566
72.4762 11.196
72.141 11.6346
71.8031 12.0725
71.4625 12.51
71.1189 12.9475
70.7723 13.3851
70.4225 13.8231
70.0695 14.2618
69.713 14.7014
69.3529 15.1423
68.989 15.5846
68.6212 16.0286
68.2493 16.4747
67.873 16.9231
67.4922 17.374
67.1067 17.8279
66.716 18.2851
66.3201 18.7458
65.9186 19.2105
65.5112 19.6795
65.0975 20.1532
64.6771 20.6321
64.2497 21.1166
63.8148 21.6073
63.3719 22.1047
62.9203 22.6094
62.4596 23.1221
88.4029 -42.0016
88.1248 -37.1728
87.8466 -33.0879
87.5681 -29.6048
87.2894 -26.6071
87.0105 -24.002
86.7313 -21.7164
86.4517 -19.6925
86.1719 -17.8849
85.8917 -16.2573
85.6111 -14.7809
85.3302 -13.4322
85.0487 -12.1923
84.7668 -11.0458
84.4845 -9.97973
84.2016 -8.98354
83.9181 -8.04829
83.6341 -7.16648
83.3494 -6.33175
83.0641 -5.53867
82.7782 -4.78258
82.4915 -4.05946
82.2041 -3.36583
81.9159 -2.69867
81.6269 -2.0553
81.337 -1.43341
81.0463 -0.830933
80.7547 -0.24604
80.4621 0.32289
80.1685 0.877308
79.8738 1.41851
79.5781 1.94768
79.2813 2.46585
78.9833 2.97399
78.6841 3.47297
78.3837 3.96357
78.0819 4.44653
77.7788 4.9225
77.4743 5.39209
77.1684 5.85587
76.8609 6.31436
76.5519 6.76805
76.2412 7.21738
75.9288 7.66279
75.6147 8.10466
75.2988 8.54337
74.981 8.97928
74.6613 9.41272
74.3395 9.844
74.0156 10.2734
73.6894 10.7013
73.3611 11.1279
73.0303 11.5536
72.6971 11.9784
72.3613 12.4028
72.0228 12.827
71.6816 13.2512
71.3374 13.6757
70.9903 14.1007
70.64 14.5265
70.2864 14.9532
69.9293 15.3813
69.5687 15.8108
69.2043 16.2421
68.836 16.6755
68.4635 17.1111
68.0868 17.5493
67.7054 17.9904
67.3193 18.4347
66.9282 18.8824
66.5318 19.3339
66.1297 19.7897
65.7218 20.2499
65.3076 20.7151
64.8867 21.1857
64.4588 21.6621
64.0233 22.1449
63.5798 22.6346
63.1277 23.1318
62.6663 23.6372
62.195 24.1514
88.3946 -35.5292
88.115 -30.9395
87.8353 -27.1637
87.5554 -24.0111
87.2752 -21.3398
86.9948 -19.0446
86.7141 -17.0471
86.4331 -15.2882
86.1518 -13.7229
85.87 -12.3165
85.588 -11.0416
85.3054 -9.87694
85.0225 -8.80523
84.7391 -7.81264
84.4551 -6.88785
84.1706 -6.02156
83.8856 -5.20605
83.6 -4.43485
83.3137 -3.70252
83.0268 -3.00445
82.7392 -2.3367
82.4508 -1.69588
82.1617 -1.07907
81.8718 -0.483736
81.5811 0.0923419
81.2895 0.651105
80.997 1.19426
80.7035 1.72333
80.4091 2.23965
80.1137 2.74443
79.8172 3.23873
79.5196 3.72353
79.2208 4.19969
78.9208 4.66801
78.6196 5.1292
78.3171 5.58393
78.0133 6.03277
77.7081 6.4763
77.4014 6.91501
77.0933 7.34937
76.7836 7.77982
76.4722 8.20677
76.1592 8.63059
75.8445 9.05164
75.5279 9.47026
75.2095 9.88676
74.8891 10.3014
74.5667 10.7146
74.2422 11.1265
73.9155 11.5374
73.5866 11.9476
73.2553 12.3573
72.9215 12.7668
72.5851 13.1762
72.2462 13.5859
71.9044 13.9961
71.5597 14.4069
71.2121 14.8186
70.8613 15.2315
70.5072 15.6457
70.1496 16.0616
69.7885 16.4793
69.4237 16.8991
69.0549 17.3212
68.682 17.7459
68.3048 18.1735
67.923 18.6042
67.5365 19.0384
67.1449 19.4763
66.7481 19.9182
66.3456 20.3646
65.9373 20.8157
65.5226 21.272
65.1013 21.734
64.673 22.2019
64.2371 22.6764
63.7932 23.158
63.3406 23.6473
62.8789 24.145
62.4071 24.6518
61.9246 25.1685
88.3881 -29.7168
88.1074 -25.515
87.8266 -22.1311
87.5455 -19.3469
87.2642 -17.011
86.9826 -15.0169
86.7008 -13.2881
86.4186 -11.7688
86.1361 -10.4172
85.8532 -9.20197
85.57 -8.09878
85.2863 -7.08871
85.0021 -6.15678
84.7175 -5.29101
84.4323 -4.48168
84.1466 -3.72086
83.8604 -3.002
83.5735 -2.31964
83.286 -1.66921
82.9978 -1.04682
82.7089 -0.449202
82.4192 0.126482
82.1288 0.68266
81.8376 1.22144
81.5455 1.74466
81.2525 2.25393
80.9587 2.75067
80.6638 3.23612
80.368 3.7114
80.0711 4.17751
79.7731 4.63532
79.474 5.08565
79.1737 5.52921
78.8722 5.96665
78.5695 6.39858
78.2654 6.82553
77.96 7.24801
77.6531 7.66647
77.3447 8.08135
77.0349 8.49302
76.7234 8.90186
76.4103 9.30821
76.0954 9.71239
75.7788 10.1147
75.4603 10.5155
75.1399 10.9149
74.8175 11.3133
74.493 11.7109
74.1664 12.108
73.8376 12.5047
73.5063 12.9013
73.1727 13.2981
72.8366 13.6952
72.4978 14.0929
72.1563 14.4913
71.8119 14.8908
71.4645 15.2914
71.1141 15.6935
70.7604 16.0971
70.4033 16.5027
70.0427 16.9102
69.6783 17.3201
69.3101 17.7326
68.9378 18.1478
68.5613 18.566
68.1803 18.9876
67.7945 19.4128
67.4038 19.8418
67.0079 20.275
66.6065 20.7127
66.1992 21.1554
65.7857 21.6032
65.3657 22.0568
64.9387 22.5165
64.5043 22.9828
64.062 23.4562
63.6112 23.9373
63.1513 24.4268
62.6816 24.9254
62.2013 25.4338
61.7096 25.9531
88.3765 -17.5555
88.0938 -14.5982
87.8109 -12.2812
87.5278 -10.4028
87.2444 -8.83658
86.9608 -7.49997
86.6769 -6.33676
86.3926 -5.30755
86.108 -4.38392
85.823 -3.54487
85.5377 -2.77458
85.2518 -2.06088
84.9655 -1.39428
84.6787 -0.767259
84.3914 -0.17379
84.1035 0.391022
83.815 0.931191
83.5259 1.45004
83.2361 1.95035
82.9456 2.43446
82.6544 2.90435
82.3624 3.36173
82.0696 3.80806
81.776 4.24459
81.4815 4.67244
81.1861 5.09258
80.8897 5.50584
80.5924 5.91299
80.294 6.3147
79.9945 6.71156
79.6939 7.10412
79.3921 7.49287
79.0891 7.87824
78.7848 8.26063
78.4792 8.64043
78.1722 9.01797
77.8638 9.39355
77.554 9.76748
77.2426 10.14
76.9296 10.5114
76.6149 10.882
76.2985 11.2518
75.9803 11.6212
75.6603 11.9904
75.3383 12.3596
75.0143 12.7289
74.6883 13.0985
74.36 13.4687
74.0295 13.8395
73.6967 14.2113
73.3614 14.5841
73.0235 14.9581
72.683 15.3335
72.3397 15.7105
71.9936 16.0893
71.6444 16.47
71.2921 16.8528
70.9365 17.2379
70.5775 17.6256
70.2149 18.0159
69.8485 18.4092
69.4782 18.8055
69.1038 19.2053
68.7251 19.6086
68.3418 20.0158
67.9537 20.4271
67.5605 20.8428
67.162 21.2632
66.758 21.6886
66.3479 22.1195
65.9316 22.556
65.5085 22.9988
65.0783 23.4482
64.6405 23.9046
64.1946 24.3688
63.74 24.8412
63.2761 25.3224
62.8021 25.8134
62.3172 26.3148
61.8204 26.8277
61.3108 27.3531
88.3646 -3.3343
88.0797 -2.31614
87.7947 -1.48612
87.5095 -0.78
87.224 -0.159714
86.9383 0.398706
86.6522 0.911111
86.3659 1.3884
86.0791 1.83833
85.792 2.26656
85.5044 2.67731
85.2164 3.07383
84.9278 3.45862
84.6388 3.83366
84.3492 4.20055
84.0591 4.56058
83.7683 4.91481
83.4768 5.26411
83.1847 5.60923
82.8919 5.95079
82.5983 6.28933
82.3039 6.6253
82.0087 6.9591
81.7126 7.2911
81.4155 7.62159
81.1176 7.95086
80.8186 8.27914
80.5187 8.60667
80.2176 8.93365
79.9154 9.26026
79.612 9.58668
79.3075 9.91306
79.0016 10.2395
78.6944 10.5663
78.3859 10.8934
78.0759 11.2211
77.7645 11.5494
77.4515 11.8784
77.1369 12.2083
76.8206 12.5392
76.5027 12.8712
76.1829 13.2044
75.8612 13.5389
75.5376 13.8748
75.2119 14.2122
74.8842 14.5513
74.5543 14.8922
74.2221 15.2349
73.8875 15.5795
73.5504 15.9263
73.2108 16.2753
72.8685 16.6267
72.5234 16.9805
72.1754 17.337
71.8243 17.6962
71.4701 18.0584
71.1125 18.4236
70.7515 18.792
70.3868 19.1638
70.0183 19.5393
69.6458 19.9185
69.2691 20.3017
68.8881 20.6891
68.5024 21.081
68.1118 21.4775
67.716 21.879
67.3149 22.2858
66.908 22.6982
66.495 23.1165
66.0756 23.5412
65.6493 23.9725
65.2157 24.411
64.7744 24.8572
64.3247 25.3116
63.866 25.7748
63.3977 26.2475
62.9191 26.7305
62.4292 27.2247
61.927 27.7309
61.4115 28.2505
60.8812 28.7847
88.3522 11.5136
88.0653 10.3617
87.7781 9.57428
87.4907 9.02909
87.2031 8.65296
86.9151 8.39942
86.6269 8.23764
86.3383 8.14633
86.0493 8.11034
85.7599 8.11861
85.4701 8.16286
85.1798 8.23679
84.889 8.33552
84.5977 8.45522
84.3058 8.59282
84.0132 8.74586
83.7201 8.91234
83.4263 9.09061
83.1317 9.2793
82.8364 9.47728
82.5404 9.68359
82.2435 9.89743
81.9457 10.1181
81.6471 10.345
81.3474 10.5777
81.0468 10.8158
80.7452 11.0588
80.4425 11.3064
80.1387 11.5585
79.8337 11.8146
79.5275 12.0748
79.22 12.3387
78.9112 12.6062
78.601 12.8772
78.2894 13.1517
77.9763 13.4294
77.6617 13.7104
77.3454 13.9946
77.0275 14.2819
76.7079 14.5723
76.3864 14.8658
76.063 15.1624
75.7377 15.462
75.4103 15.7648
75.0809 16.0707
74.7492 16.3797
74.4152 16.6918
74.0788 17.0072
73.7399 17.3259
73.3985 17.6479
73.0543 17.9734
72.7072 18.3023
72.3573 18.6348
72.0042 18.9709
71.648 19.3109
71.2883 19.6547
70.9252 20.0026
70.5583 20.3547
70.1876 20.7111
69.8128 21.072
69.4337 21.4376
69.0502 21.8081
68.662 22.1837
68.2688 22.5646
67.8703 22.9511
67.4663 23.3435
67.0564 23.7421
66.6404 24.1472
66.2177 24.5592
65.788 24.9785
65.3508 25.4056
64.9056 25.8409
64.4518 26.2851
63.9888 26.7387
63.5159 27.2025
63.0322 27.6773
62.5369 28.1639
62.0289 28.6635
61.5069 29.1772
60.9696 29.7064
60.4154 30.2527
88.3395 25.159
88.0504 22.2728
87.761 20.1177
87.4713 18.4741
87.1814 17.2
86.8912 16.2007
86.6007 15.4108
86.3098 14.7839
86.0186 14.2863
85.7269 13.8929
85.4347 13.5846
85.1421 13.3469
84.8489 13.1682
84.5552 13.0394
84.2609 12.9534
83.966 12.904
83.6704 12.8866
83.3741 12.897
83.077 12.932
82.7792 12.9887
82.4806 13.0647
82.1811 13.1581
81.8807 13.2672
81.5794 13.3904
81.2771 13.5264
80.9738 13.6742
80.6693 13.8328
80.3638 14.0014
80.0571 14.1793
79.7492 14.3657
79.44 14.5601
79.1295 14.7621
78.8177 14.9712
78.5044 15.187
78.1896 15.4092
77.8732 15.6375
77.5552 15.8716
77.2356 16.1112
76.9142 16.3563
76.5909 16.6066
76.2658 16.862
75.9387 17.1223
75.6096 17.3875
75.2783 17.6574
74.9447 17.932
74.6089 18.2113
74.2706 18.4951
73.9298 18.7836
73.5864 19.0766
73.2403 19.3742
72.8913 19.6763
72.5392 19.9832
72.1841 20.2947
71.8257 20.6109
71.4639 20.932
71.0985 21.258
70.7294 21.589
70.3563 21.9252
69.9791 22.2667
69.5975 22.6136
69.2114 22.9661
68.8205 23.3244
68.4245 23.6888
68.0231 24.0594
67.6161 24.4366
67.2031 24.8206
66.7837 25.2118
66.3576 25.6106
65.9242 26.0172
65.4832 26.4323
65.0339 26.8564
64.5758 27.2899
64.1081 27.7336
63.6302 28.1881
63.1411 28.6544
62.64 29.1333
62.1256 29.6261
61.5966 30.1338
61.0517 30.6581
60.4889 31.2008
59.9061 31.7638
88.3264 36.498
88.035 32.6157
87.7433 29.5563
87.4513 27.1159
87.1591 25.1471
86.8666 23.5433
86.5737 22.2262
86.2805 21.1375
85.9868 20.2334
85.6928 19.4802
85.3982 18.8518
85.1032 18.3279
84.8076 17.892
84.5114 17.5312
84.2146 17.2348
83.9171 16.994
83.619 16.8017
83.3201 16.6519
83.0205 16.5396
82.7201 16.4605
82.4188 16.411
82.1166 16.388
81.8135 16.3888
81.5094 16.4113
81.2043 16.4534
80.8981 16.5133
80.5909 16.5897
80.2824 16.6811
79.9727 16.7864
79.6618 16.9045
79.3495 17.0347
79.0359 17.176
78.7208 17.3277
78.4042 17.4893
78.086 17.6602
77.7663 17.8399
77.4448 18.0279
77.1216 18.2239
76.7965 18.4274
76.4696 18.6383
76.1406 18.8562
75.8096 19.0808
75.4764 19.3121
75.1409 19.5497
74.8032 19.7936
74.4629 20.0437
74.1202 20.2997
73.7747 20.5617
73.4265 20.8295
73.0754 21.1032
72.7212 21.3826
72.3639 21.6679
72.0033 21.9589
71.6392 22.2558
71.2714 22.5585
70.8999 22.8672
70.5243 23.182
70.1446 23.5028
69.7604 23.8299
69.3715 24.1635
68.9778 24.5036
68.5788 24.8505
68.1744 25.2044
67.7642 25.5656
67.3479 25.9343
66.925 26.3109
66.4951 26.6957
66.0579 27.0892
65.6127 27.4918
65.159 27.9041
64.6962 28.3265
64.2235 28.7599
63.7402 29.2049
63.2453 29.6624
62.7378 30.1335
62.2165 30.6194
61.68 31.1213
61.1266 31.6409
60.5543 32.1801
59.9609 32.7413
59.3435 33.3272
88.3129 45.4141
88.0191 41.1546
87.725 37.6375
87.4306 34.7216
87.136 32.2914
86.8411 30.2544
86.5458 28.5378
86.2502 27.0839
85.9541 25.8473
85.6575 24.792
85.3605 23.889
85.0629 23.1151
84.7648 22.4513
84.4661 21.8821
84.1667 21.3948
83.8667 20.9788
83.5659 20.6252
83.2644 20.3266
82.9621 20.0766
82.6589 19.8699
82.3549 19.7019
82.0499 19.5686
81.744 19.4667
81.437 19.3931
81.129 19.3452
80.8199 19.3209
80.5096 19.3182
80.198 19.3352
79.8853 19.3705
79.5712 19.4226
79.2557 19.4905
78.9387 19.573
78.6203 19.6691
78.3003 19.7781
77.9786 19.8991
77.6553 20.0314
77.3302 20.1746
77.0032 20.3279
76.6743 20.491
76.3434 20.6634
76.0104 20.8447
75.6753 21.0346
75.3378 21.2327
74.998 21.4389
74.6557 21.6529
74.3109 21.8744
73.9633 22.1033
73.6129 22.3395
73.2596 22.5829
72.9032 22.8333
72.5436 23.0907
72.1806 23.355
71.8141 23.6262
71.4439 23.9044
71.0698 24.1895
70.6916 24.4815
70.3092 24.7807
69.9222 25.0869
69.5305 25.4005
69.1337 25.7215
68.7317 26.05
68.324 26.3864
67.9104 26.7307
67.4905 27.0834
67.0638 27.4448
66.6301 27.8151
66.1886 28.1948
65.739 28.5844
65.2806 28.9844
64.8128 29.3954
64.3347 29.8181
63.8455 30.2534
63.3443 30.702
62.8299 31.1652
62.301 31.6442
61.7561 32.1404
61.1934 32.6555
60.6107 33.1918
60.0055 33.7518
59.3745 34.3386
58.7137 34.9562
88.2989 52.3004
88.0026 48.039
87.7061 44.3831
87.4093 41.2505
87.1122 38.5642
86.8148 36.2559
86.517 34.2672
86.2188 32.5489
85.9202 31.0601
85.6211 29.7668
85.3215 28.641
85.0213 27.6593
84.7206 26.802
84.4192 26.0531
84.1171 25.3987
83.8144 24.8274
83.5109 24.3293
83.2066 23.8961
82.9015 23.5206
82.5956 23.1968
82.2887 22.9194
81.9808 22.6837
81.6719 22.4857
81.362 22.322
81.0509 22.1896
80.7387 22.0857
80.4253 22.008
80.1106 21.9543
79.7945 21.9229
79.4771 21.9121
79.1583 21.9203
78.8379 21.9464
78.5159 21.9891
78.1923 22.0474
77.867 22.1204
77.5399 22.2072
77.211 22.307
76.8801 22.4192
76.5472 22.5431
76.2121 22.6783
75.8749 22.8242
75.5353 22.9804
75.1934 23.1466
74.849 23.3223
74.5019 23.5072
74.1521 23.7012
73.7995 23.9039
73.4438 24.1152
73.0851 24.3349
72.7231 24.5629
72.3576 24.799
71.9886 25.0432
71.6158 25.2955
71.239 25.5557
70.8581 25.8239
70.4728 26.1002
70.0828 26.3846
69.688 26.6772
69.2881 26.9781
68.8828 27.2874
68.4716 27.6054
68.0544 27.9323
67.6307 28.2682
67.2001 28.6137
66.7621 28.9689
66.3161 29.3343
65.8618 29.7104
65.3983 30.0978
64.925 30.497
64.4411 30.9088
63.9456 31.3341
63.4375 31.7738
62.9155 32.2291
62.3783 32.7013
61.8242 33.192
61.2512 33.7032
60.6569 34.2372
60.0384 34.7969
59.392 35.3858
58.7132 36.0085
57.9959 36.671
88.2845 57.6383
87.9856 53.5607
87.6865 49.956
87.3872 46.7825
87.0875 43.9942
86.7875 41.5458
86.4871 39.395
86.1863 37.5037
85.8851 35.8385
85.5833 34.3703
85.281 33.0739
84.9782 31.9279
84.6747 30.9138
84.3706 30.0157
84.0658 29.2202
83.7603 28.5156
83.454 27.8918
83.1468 27.3402
82.8388 26.8532
82.5299 26.4243
82.22 26.0479
81.9091 25.7189
81.5972 25.433
81.2841 25.1863
80.9699 24.9755
80.6545 24.7975
80.3378 24.6498
80.0197 24.5299
79.7003 24.4357
79.3794 24.3655
79.057 24.3174
78.7331 24.29
78.4074 24.282
78.0801 24.2921
77.7509 24.3192
77.4199 24.3625
77.0869 24.4209
76.7518 24.4937
76.4146 24.5801
76.0752 24.6796
75.7335 24.7916
75.3893 24.9155
75.0426 25.0509
74.6933 25.1973
74.3412 25.3544
73.9861 25.5219
73.6281 25.6995
73.2669 25.887
72.9023 26.084
72.5342 26.2905
72.1625 26.5064
71.787 26.7314
71.4074 26.9657
71.0235 27.209
70.6352 27.4613
70.2422 27.7228
69.8441 27.9935
69.4408 28.2734
69.0319 28.5627
68.6171 28.8616
68.196 29.1702
67.7683 29.4888
67.3333 29.8177
66.8908 30.1573
66.4401 30.5079
65.9806 30.8702
65.5116 31.2445
65.0324 31.6317
64.5421 32.0325
64.0397 32.4477
63.5241 32.8784
62.9938 33.3259
62.4475 33.7916
61.8832 34.2773
61.2987 34.7851
60.6913 35.3177
60.0578 35.8783
59.3939 36.4709
58.6942 37.101
57.9517 37.7757
57.1563 38.5047
88.2695 61.8316
87.968 58.0127
87.6663 54.558
87.3643 51.4498
87.062 48.6633
86.7593 46.1707
86.4562 43.9437
86.1527 41.9549
85.8487 40.1787
85.5442 38.5917
85.2392 37.1731
84.9335 35.9043
84.6272 34.7688
84.3203 33.7522
84.0126 32.8418
83.7041 32.0266
83.3949 31.2967
83.0848 30.6436
82.7737 30.0599
82.4618 29.5389
82.1488 29.0749
81.8347 28.6626
81.5196 28.2976
81.2033 27.9757
80.8858 27.6935
80.567 27.4477
80.2468 27.2355
79.9253 27.0544
79.6023 26.902
79.2778 26.7764
78.9517 26.6757
78.6239 26.5982
78.2944 26.5425
77.9631 26.5072
77.6299 26.4911
77.2947 26.4931
76.9574 26.5123
76.618 26.5478
76.2763 26.5987
75.9323 26.6643
75.5858 26.7439
75.2367 26.8371
74.885 26.9432
74.5304 27.0618
74.1729 27.1924
73.8123 27.3347
73.4484 27.4884
73.0812 27.6532
72.7104 27.8288
72.3358 28.015
71.9574 28.2117
71.5748 28.4188
71.1879 28.6361
70.7963 28.8636
70.4 29.1012
69.9985 29.3491
69.5916 29.6072
69.1789 29.8757
68.7602 30.1547
68.335 30.4444
67.9028 30.7451
67.4633 31.0569
67.0159 31.3804
66.56 31.7159
66.095 32.0639
65.62 32.425
65.1344 32.7999
64.6372 33.1895
64.1272 33.5946
63.6033 34.0165
63.0639 34.4564
62.5074 34.9161
61.9317 35.3973
61.3342 35.9027
60.7121 36.435
60.0614 36.9981
59.3773 37.5967
58.6533 38.2372
57.8807 38.9284
57.047 39.6824
56.1335 40.5182
